fusion
0
2
7
11
17
23
29
35
43
52
61
68
77
85
93
101
112
123
133
144
154
165
175
184
195
206
216
227
237
246
256
265
278
292
305
317
332
343
355
368
381
392
404
418
431
443
455
467
479
492
505
516
529
541
553
566
577
588
601
612
625
636
649
661
675
690
703
722
737
751
765
780
795
809
823
839
854
869
882
896
911
926
941
955
972
983
998
1014
1027
1042
1058
1070
1084
1098
1112
1128
1142
1157
1171
1185
1201
1214
1227
1242
1254
1272
1285
1301
1316
1329
1343
1356
1371
1385
1397
1413
1428
1442
1454
1469
1481
1495
1510
1524
1537
1552
1565
1580
1596
1613
1631
1648
1665
1681
1697
1716
1733
1749
1766
1783
1800
1818
1835
1849
1866
1883
1901
1918
1934
1954
1968
1986
1999
2020
2034
2050
2068
2085
2100
2116
2134
2150
2167
2183
2201
2216
2233
2248
2266
2283
2300
2315
2330
2348
2364
2382
2396
2415
2432
2446
2464
2479
2494
2511
2526
2546
2560
2579
2592
2609
2625
2642
2658
2671
2690
2709
2724
2741
2757
2774
2791
2807
2822
2840
2854
2872
2888
2902
2922
2937
2954
2969
2986
2999
3018
3033
3050
3066
3081
3100
3114
3132
3150
3164
3177
3196
3211
3227
3244
3258
3278
3289
3308
3326
3340
3357
3372
3391
3404
3418
3433
3451
3466
3481
3500
3516
3530
3548
3563
3578
3594
3612
3626
3645
3655
3673
3691
3711
3731
3749
3766
3790
3807
3827
3844
3860
3881
3904
3920
3940
3960
3975
3998
4016
4035
4055
4071
4092
4111
4130
4148
4166
4188
4206
4222
4242
4260
4280
4300
4317
4337
4358
4371
4393
4407
4430
4449
4467
4486
4504
4520
4541
4561
4581
4600
4618
4634
4657
4671
4692
4712
4727
4743
4767
4783
4800
4822
4838
4857
4875
4893
4917
4934
4951
4971
4987
5011
5028
5043
5065
5081
5100
5119
5137
5155
5173
5193
5213
5234
5248
5270
5283
5303
5322
5341
5359
5379
5399
5412
5433
5451
5470
5490
5507
5526
5544
5564
5581
5599
5618
5639
5656
5672
5690
5710
5724
5744
5760
5784
5799
5818
5839
5853
5872
5894
5909
5929
5950
5962
5982
5999
6014
6035
6055
6073
6089
6109
6129
6145
6165
6182
6204
6221
6243
6258
6274
6292
6313
6332
6346
6373
6385
6407
6423
6436
6463
6481
6493
6513
6535
6553
6572
6588
6608
6622
6645
6658
6684
6699
6719
6734
6754
6772
6790
6806
6821
6843
6864
6883
6903
6915
6934
6954
6971
6987
7011
7022
7046
7064
7082
7096
7116
7137
7156
7166
7192
7207
7225
7242
7265
7278
7298
7313
7338
7354
7373
7389
7406
7426
7441
7462
7478
7498
7519
7531
7554
7567
7587
7605
7627
7643
7656
7679
7695
7712
7735
7751
7764
7782
7802
7822
7840
7858
7875
7893
7912
7929
7950
7968
7984
7999
8019
8035
8052
8072
8086
8112
8125
8142
8163
8180
8195
8215
8231
8253
8269
8286
8303
8322
8343
8359
8376
8397
8422
8435
8463
8482
8505
8521
8539
8565
8586
8605
8628
8645
8672
8696
8711
8727
8753
8775
8799
8821
8841
8859
8885
8904
8922
8944
8960
8988
9003
9027
9046
9069
9092
9112
9130
9153
9172
9194
9219
9233
9257
9277
9295
9317
9343
9363
9384
9402
9422
9449
9474
9485
9506
9526
9551
9573
9588
9614
9632
9656
9674
9694
9717
9738
9755
9774
9795
9822
9839
9862
9882
9903
9924
9943
9966
9987
10001
10027
10045
10069
10092
10113
10130
10154
10173
10193
10216
10234
10255
10278
10300
10319
10340
10358
10380
10398
10418
10442
10464
10484
10503
10521
10546
10563
10586
10608
10632
10648
10665
10689
10707
10732
10747
10768
10789
10815
10841
10857
10871
10896
10915
10936
10964
10978
10996
11020
11039
11057
11083
11096
11117
11146
11165
11185
11201
11226
11245
11266
11281
11308
11328
11349
11369
11390
11412
11431
11449
11470
11495
11515
11524
11552
11578
11590
11613
11637
11655
11677
11699
11719
11737
11759
11779
11795
11819
11840
11858
11879
11906
11917
11944
11961
11982
12009
12027
12049
12061
12084
12109
12131
12150
12169
12194
12207
12228
12245
12267
12291
12311
12336
12352
12371
12388
12412
12437
12454
12466
12495
12514
12535
12561
12578
12594
12615
12641
12661
12681
12698
12718
12741
12754
12781
12796
12822
12840
12864
12880
12901
12921
12945
12961
12984
12999
13026
13044
13058
13082
13103
13122
13140
13163
13186
13205
13221
13246
13267
13286
13311
13324
13345
13371
13390
13406
13427
13445
13470
13488
13510
13529
13551
13564
13589
13613
13631
13644
13673
13696
13710
13729
13752
13768
13793
13815
13833
13854
13875
13897
13912
13934
13959
13975
13997
14021
14040
14062
14080
14103
14120
14143
14164
14179
14204
14224
14237
14255
14283
14306
14321
14343
14362
14379
14411
14426
14448
14466
14493
14508
14528
14548
14569
14586
14612
14628
14655
14670
14691
14714
14734
14753
14771
14796
14815
14831
14852
14870
14895
14912
14938
14958
14979
14994
15016
15039
15058
15080
15099
15118
15137
15162
15174
15205
15218
15241
15262
15285
15301
15318
15340
15365
15379
15404
15420
15446
15457
15482
15501
15523
15541
15560
15576
15605
15624
15643
15661
15692
15702
15724
15750
15765
15790
15800
15824
15851
15866
15882
15904
15923
15949
15964
15987
16003
16028
16049
16060
16092
16104
16131
16144
16170
16185
16203
16227
16249
16268
16286
16302
16326
16346
16369
16394
16409
16428
16451
16468
16490
16511
16533
16553
16569
16590
16608
16626
16655
16671
16689
16707
16732
16748
16765
16794
16808
16830
16853
16874
16891
16908
16931
16950
16971
16994
17009
17027
17049
17079
17092
17118
17133
17149
17171
17192
17212
17231
17255
17270
17291
17314
17333
17352
17377
17392
17418
17430
17457
17470
17494
17518
17524
17550
17574
17590
17608
17633
17645
17669
17691
17712
17728
17752
17773
17787
17809
17829
17851
17876
17892
17909
17926
17950
17971
17990
18013
18032
18049
18066
18088
18110
18127
18156
18170
18183
18211
18231
18244
18259
18291
18310
18324
