0 4563281
1 13689844
2 6844922
3 3422461
4 10267384
5 5133692
6 2566846
7 1283423
8 3850270
9 1925135
10 5775406
11 2887703
12 8663110
13 4331555
14 12994666
15 6497333
16 19492000
17 9746000
18 4873000
19 2436500
20 1218250
21 609125
22 1827376
23 913688
24 456844
25 228422
26 114211
27 342634
28 171317
29 513952
30 256976
31 128488
32 64244
33 32122
34 16061
35 48184
36 24092
37 12046
38 6023
39 18070
40 9035
41 27106
42 13553
43 40660
44 20330
45 10165
46 30496
47 15248
48 7624
49 3812
50 1906
51 953
52 2860
53 1430
54 715
55 2146
56 1073
57 3220
58 1610
59 805
60 2416
61 1208
62 604
63 302
64 151
65 454
66 227
67 682
68 341
69 1024
70 512
71 256
72 128
73 64
74 32
75 16
76 8
77 4
78 2
79 1
