selection buble insertion
0 0 0
1 0 0
3 1 0
6 2 1
10 5 3
15 9 4
21 13 7
28 19 10
36 26 14
45 33 17
55 42 22
66 52 26
78 62 33
91 72 38
105 86 45
120 98 51
136 112 59
153 128 68
171 144 77
190 163 83
210 182 95
231 201 109
253 219 116
276 242 127
300 262 135
325 283 148
351 312 165
378 336 172
406 362 187
435 387 204
465 420 212
496 453 232
528 479 246
561 515 271
595 546 284
630 572 291
666 610 313
703 648 338
741 682 352
780 716 361
820 753 387
861 798 401
903 838 437
946 875 452
990 921 479
1035 965 499
1081 1012 527
1128 1057 549
1176 1091 540
1225 1133 570
1275 1196 609
1326 1234 626
1378 1285 660
1431 1341 684
1485 1402 723
1540 1447 749
1596 1506 773
1653 1557 808
1711 1617 830
1770 1672 860
1830 1740 908
1891 1796 915
1953 1846 926
2016 1910 978
2080 1975 1005
2145 2036 1017
2211 2093 1031
2278 2178 1123
2346 2222 1141
2415 2298 1168
2485 2371 1198
2556 2427 1248
2628 2512 1264
2701 2566 1299
2775 2654 1329
2850 2729 1400
2926 2792 1406
3003 2875 1457
3081 2942 1514
3160 3029 1529
3240 3108 1591
3321 3195 1629
3403 3258 1660
3486 3348 1678
3570 3430 1753
3655 3498 1769
3741 3584 1852
3828 3688 1838
3916 3763 1909
4005 3851 1980
4095 3955 1998
4186 4032 2037
4278 4127 2128
4371 4227 2127
4465 4289 2182
4560 4401 2254
4656 4479 2265
4753 4584 2318
4851 4674 2385
4950 4779 2397
5050 4865 2486
5151 4976 2504
5253 5069 2636
5356 5185 2667
5460 5282 2640
5565 5362 2737
5671 5484 2781
5778 5567 2792
5886 5686 2881
5995 5814 2985
6105 5919 3045
6216 6021 3037
6328 6136 3083
6441 6267 3230
6555 6341 3231
6670 6452 3279
6786 6583 3362
6903 6691 3398
7021 6825 3415
7140 6928 3511
7260 7064 3594
7381 7178 3586
7503 7273 3633
7626 7393 3748
7750 7506 3810
7875 7630 3904
8001 7783 3924
8128 7886 4018
8256 8017 4025
8385 8146 4105
8515 8284 4148
8646 8416 4300
8778 8524 4287
8911 8675 4448
9045 8754 4366
9180 8974 4588
9316 9052 4628
9453 9213 4652
9591 9342 4710
9730 9481 4713
9870 9602 4864
10011 9782 4867
10153 9897 4962
10296 10062 5069
10440 10177 5147
10585 10334 5254
10731 10495 5345
10878 10638 5389
11026 10749 5407
11175 10931 5475
11325 11047 5589
11476 11160 5645
11628 11360 5692
11781 11500 5776
11935 11663 5814
12090 11822 6003
12246 11986 5959
12403 12127 6140
12561 12323 6252
12720 12403 6280
12880 12575 6367
13041 12706 6476
13203 12908 6550
13366 13080 6674
13530 13253 6648
13695 13381 6849
13861 13580 6851
14028 13702 6938
14196 13877 7063
14365 14076 7247
14535 14214 7261
14706 14395 7274
14878 14567 7276
15051 14751 7377
15225 14879 7465
15400 15105 7608
15576 15277 7661
15753 15423 7815
15931 15626 7862
16110 15806 7904
16290 15957 8011
16471 16108 8103
16653 16345 8156
16836 16512 8342
17020 16709 8471
17205 16871 8505
17391 17047 8642
17578 17209 8644
17766 17444 8827
17955 17611 8925
18145 17781 8885
18336 17983 9025
18528 18199 9121
18721 18397 9224
18915 18544 9393
19110 18731 9371
19306 18951 9547
19503 19139 9668
19701 19327 9710
19900 19554 9921
20100 19743 9903
20301 19951 10020
20503 20178 10265
20706 20349 10239
20910 20513 10213
21115 20781 10494
21321 20955 10561
21528 21153 10678
21736 21379 10822
21945 21543 10830
22155 21778 10843
22366 21958 11018
22578 22190 11267
22791 22379 11291
23005 22618 11360
23220 22827 11574
23436 23069 11657
23653 23261 11766
23871 23503 11836
24090 23652 11946
24310 23930 12165
24531 24171 12124
24753 24379 12384
24976 24564 12460
25200 24819 12621
25425 24977 12673
25651 25263 12769
25878 25437 12754
26106 25724 12979
26335 25881 13014
26565 26133 13158
26796 26393 13296
27028 26578 13423
27261 26824 13468
27495 27083 13604
27730 27269 13599
27966 27572 14004
28203 27751 14028
28441 27998 14161
28680 28245 14179
28920 28516 14320
29161 28705 14288
29403 28967 14689
29646 29201 14539
29890 29437 14865
30135 29693 15153
30381 29948 15095
30628 30197 15127
30876 30428 15158
31125 30704 15489
31375 30830 15436
31626 31143 15614
31878 31431 15766
32131 31753 16009
32385 31923 16163
32640 32178 16099
32896 32396 16430
33153 32665 16432
33411 32896 16594
33670 33230 16745
33930 33430 16820
34191 33702 17021
34453 33921 16934
34716 34227 17147
34980 34509 17190
35245 34800 17629
35511 34964 17685
35778 35295 17858
36046 35565 17782
36315 35904 18137
36585 36115 18045
36856 36342 18377
37128 36670 18212
37401 36949 18487
37675 37175 18644
37950 37473 18838
38226 37713 18883
38503 37912 18908
38781 38285 19290
39060 38564 19406
39340 38842 19484
39621 39155 19559
39903 39341 19674
40186 39704 20113
40470 39965 19996
40755 40273 20215
41041 40548 20355
41328 40830 20550
41616 41128 20679
41905 41397 21040
42195 41596 20947
42486 41942 20938
42778 42225 20975
43071 42583 21408
43365 42809 21339
43660 43161 21779
43956 43419 21831
44253 43716 21963
44551 43968 22145
44850 44320 22334
45150 44614 22414
45451 44896 22448
45753 45225 22531
46056 45438 23074
46360 45844 22896
46665 46138 23136
46971 46413 23201
47278 46687 23446
47586 47080 23792
47895 47338 23638
48205 47604 23872
48516 48022 24107
48828 48251 24263
49141 48530 24337
49455 48910 24757
49770 49153 24437
50086 49491 24956
50403 49794 25281
50721 50082 25191
51040 50459 25229
51360 50788 25337
51681 51022 25633
52003 51422 26172
52326 51683 26021
52650 52070 26343
52975 52293 25958
53301 52718 26412
53628 53072 26543
53956 53348 26743
54285 53704 26918
54615 53997 27354
54946 54400 27500
55278 54728 27540
55611 55027 27743
55945 55339 27771
56280 55621 27939
56616 56040 28088
56953 56297 28408
57291 56665 28508
57630 56995 28431
57970 57322 28654
58311 57742 29052
58653 58004 29006
58996 58415 29601
59340 58751 29505
59685 59008 29577
60031 59348 29890
60378 59681 29908
60726 60142 30374
61075 60410 30266
61425 60819 30424
61776 61183 30446
62128 61474 30578
62481 61878 31149
62835 62174 31240
63190 62574 31323
63546 62895 31768
63903 63266 31996
64261 63603 31898
64620 63920 32210
64980 64337 32351
65341 64698 32576
65703 65022 32692
66066 65398 32919
66430 65767 33459
66795 66096 33233
67161 66505 33535
67528 66873 33781
67896 67132 34046
68265 67614 33906
68635 67937 34047
69006 68308 34069
69378 68674 34427
69751 69084 34703
70125 69520 34733
70500 69790 35063
70876 70102 35359
71253 70587 35259
71631 70946 35673
72010 71356 35667
72390 71592 36048
72771 72030 36306
73153 72480 36361
73536 72791 36457
73920 73141 36814
74305 73644 37060
74691 73927 37023
75078 74341 37597
75466 74757 37605
75855 75185 37636
76245 75491 37940
76636 75792 38092
77028 76259 38231
77421 76703 38611
77815 77125 38856
78210 77495 38785
78606 77875 39043
79003 78249 39158
79401 78628 39362
79800 79116 39876
80200 79472 40137
80601 79863 39830
81003 80253 40119
81406 80660 40393
81810 80982 40481
82215 81463 40861
82621 81812 41492
83028 82239 41517
83436 82727 41187
83845 83108 42028
84255 83427 41949
84666 83850 42268
85078 84297 42361
85491 84766 42707
85905 85030 42871
86320 85610 42934
86736 85970 43326
87153 86363 43448
87571 86740 43773
87990 87109 43817
88410 87651 43901
88831 88014 44378
89253 88514 44355
89676 88949 44464
90100 89218 44794
90525 89758 45672
90951 90178 45373
91378 90603 45685
91806 91063 45881
92235 91326 45466
92665 91878 46173
93096 92195 46222
93528 92671 46739
93961 93154 46645
94395 93662 47014
94830 93984 47543
95266 94499 47398
95703 94871 47462
96141 95390 48135
96580 95705 47884
97020 96201 48220
97461 96587 48575
97903 97102 48749
98346 97494 48974
98790 97946 49130
99235 98419 49171
99681 98785 49122
100128 99272 49755
100576 99700 50137
101025 100179 50198
101475 100727 50905
101926 101131 50941
102378 101441 50875
102831 101887 51025
103285 102471 51460
103740 102871 51651
104196 103260 51884
104653 103851 52464
105111 104289 52369
105570 104622 52556
106030 105163 52622
106491 105637 52825
106953 106117 53003
107416 106539 53095
107880 107061 53579
108345 107415 53774
108811 107926 54261
109278 108423 54330
109746 108906 54599
110215 109382 55219
110685 109819 54785
111156 110184 55030
111628 110780 55561
112101 111273 55775
112575 111681 56199
113050 112279 56473
113526 112651 56676
114003 113123 56554
114481 113618 56759
114960 114064 57106
115440 114512 57283
115921 115022 57854
116403 115519 58111
116886 115998 58651
117370 116520 58543
117855 117009 58868
118341 117387 58532
118828 118006 58448
119316 118421 59176
119805 119017 59204
120295 119383 59803
120786 119937 59884
121278 120363 60288
121771 120685 60800
122265 121214 61213
122760 121932 60586
123256 122377 61601
123753 122931 61633
124251 123372 62300
124750 123897 62302
125250 124219 62531
125751 124880 62496
126253 125298 63090
126756 125792 63095
127260 126288 63443
127765 126772 63210
128271 127304 63743
128778 127876 64173
129286 128279 64151
129795 128873 64840
130305 129352 64818
130816 129757 65437
131328 130290 65209
131841 130881 65054
132355 131367 65826
132870 131951 66031
133386 132504 66450
133903 133028 66611
134421 133462 66449
134940 133958 67038
135460 134452 67398
135981 134909 67392
136503 135467 67667
137026 136055 67838
137550 136509 68787
138075 137119 69152
138601 137559 68591
139128 138145 69424
139656 138755 69472
140185 139257 70168
140715 139809 69826
141246 140239 70619
141778 140793 70262
142311 141295 70844
142845 141835 71257
143380 142345 72187
143916 142909 71600
144453 143274 71809
144991 144013 72493
145530 144468 72151
146070 145036 73376
146611 145712 73237
147153 146117 73141
147696 146577 73550
148240 147124 73807
148785 147645 73713
149331 148263 74381
149878 148866 74632
150426 149324 75212
150975 149903 75115
151525 150364 75449
152076 151126 75600
152628 151608 75957
153181 152110 75770
153735 152626 76286
154290 153272 76652
154846 153688 77011
155403 154445 77461
155961 154904 77471
156520 155487 78333
157080 156004 78530
157641 156533 78987
158203 157135 78977
158766 157808 78585
159330 158298 79628
159895 158763 78949
160461 159463 79852
161028 159962 79887
161596 160598 80375
162165 161163 80778
162735 161771 80752
163306 162227 81238
163878 162816 81292
164451 163419 82153
165025 163983 82788
165600 164465 83068
166176 165127 82531
166753 165721 82889
167331 166196 83631
167910 166942 83673
168490 167412 83906
169071 167816 84737
169653 168715 84534
170236 169089 85218
170820 169729 85103
171405 169995 85358
171991 170784 85645
172578 171433 85665
173166 172193 86052
173755 172618 86114
174345 173217 87289
174936 173830 87416
175528 174324 87962
176121 174936 88671
176715 175641 87905
177310 176118 87827
177906 176823 88957
178503 177343 89065
179101 178111 89587
179700 178673 90011
180300 179147 89933
180901 179646 89838
181503 180363 90306
182106 180971 90734
182710 181589 91242
183315 182155 91368
183921 182806 91988
184528 183399 91988
185136 184104 92351
185745 184577 92532
186355 185195 92453
186966 185777 92776
187578 186288 93547
188191 187080 93732
188805 187655 94406
189420 188285 94105
190036 188808 94285
190653 189422 95268
191271 190258 95375
191890 190740 95921
192510 191175 95842
193131 191905 96110
193753 192634 96190
194376 193158 97055
195000 193845 96253
195625 194431 96863
196251 194933 98039
196878 195691 98674
197506 196428 98908
198135 196925 98419
198765 197642 98398
199396 198027 99369
200028 198931 99199
200661 199360 100207
201295 199937 99977
201930 200700 100538
202566 201391 100782
203203 201846 100931
203841 202806 102367
204480 203257 102301
205120 203836 102558
205761 204479 102305
206403 205154 102900
207046 205881 103346
207690 206506 103969
208335 207146 104268
208981 207776 104189
209628 208366 104497
210276 209063 104976
210925 209770 104634
211575 210269 105163
212226 211095 105889
212878 211553 105842
213531 212266 106417
214185 213001 106928
214840 213462 107223
215496 214370 107153
216153 214932 107944
216811 215567 108177
217470 216260 108435
218130 216828 109179
218791 217592 109271
219453 218305 108993
220116 218848 109688
220780 219544 110110
221445 220106 110040
222111 220954 111079
222778 221598 111154
223446 222267 111225
224115 222752 111740
224785 223538 111610
225456 224253 112562
226128 224981 114085
226801 225647 112497
227475 226321 112840
228150 226897 113225
228826 227562 114716
229503 228154 114550
230181 228993 115533
230860 229623 115608
231540 230312 115360
232221 230904 115865
232903 231664 116593
233586 232451 116221
234270 232881 116249
234955 233668 117355
235641 234446 117822
236328 235012 118549
237016 235634 118480
237705 236423 118229
238395 237047 118319
239086 237866 118622
239778 238467 119309
240471 239170 119086
241165 239846 119952
241860 240483 119813
242556 241338 120871
243253 242105 121597
243951 242634 121681
244650 243241 121815
245350 244168 122662
246051 244566 122154
246753 245485 123121
247456 246208 123872
248160 246750 122720
248865 247435 124338
249571 248429 124370
250278 248834 124100
250986 249542 125050
251695 250462 125137
252405 251104 125667
253116 251660 126267
253828 252421 126445
254541 253309 127354
255255 253868 128079
255970 254609 127621
256686 255202 127954
257403 256186 127213
258121 256704 128675
258840 257544 128946
259560 258227 129208
260281 258890 129474
261003 259557 130547
261726 260376 130878
262450 261127 130264
263175 261898 131641
263901 262505 131585
264628 263094 131355
265356 263935 132173
266085 264811 132434
266815 265408 132643
267546 266136 133530
268278 266797 133826
269011 267878 134002
269745 268364 133920
270480 269116 135474
271216 269756 135261
271953 270509 135830
272691 271152 136660
273430 272153 135506
274170 272751 136513
274911 273370 137546
275653 274301 137218
276396 275021 138044
277140 275797 138671
277885 276492 138161
278631 277226 139385
279378 277989 139058
280126 278635 140091
280875 279467 139967
281625 280184 140762
282376 280963 140415
283128 281741 140614
283881 282614 142030
284635 283221 142187
285390 283851 141817
286146 284817 141842
286903 285362 142061
287661 286224 143368
288420 287023 143946
289180 287740 144667
289941 288325 145219
290703 289264 145770
291466 289957 145585
292230 290787 145641
292995 291657 145575
293761 292284 146381
294528 293070 146346
295296 293906 147736
296065 294547 147223
296835 295366 147765
297606 296222 148740
298378 296768 147978
299151 297777 149480
299925 298460 150413
300700 299282 149544
301476 300044 149532
302253 300745 151536
303031 301388 150781
303810 302393 151454
304590 303092 152026
305371 304005 152825
306153 304537 152938
306936 305415 152767
307720 306233 153075
308505 307122 153668
309291 307806 154572
310078 308540 154895
310866 309279 154157
311655 310134 155364
312445 310984 155993
313236 311717 156356
314028 312606 156042
314821 313144 157347
315615 314219 157833
316410 315016 158029
317206 315690 159074
318003 316506 159779
318801 317472 159179
319600 318202 158241
320400 319072 159522
321201 319793 160153
322003 320456 161097
322806 321423 160493
323610 322116 160945
324415 322872 162195
325221 323761 161957
326028 324473 162397
326836 325183 163580
327645 326110 162800
328455 326964 164786
329266 327761 164232
330078 328681 165873
330891 329267 164817
331705 330202 165036
332520 331031 165632
333336 331955 165854
334153 332627 167183
334971 333234 167126
335790 334242 168083
336610 334941 167776
337431 335997 167998
338253 336546 168379
339076 337580 168864
339900 338385 169235
340725 339118 169261
341551 340172 169937
342378 340967 170846
343206 341479 171905
344035 342249 171770
344865 343233 172798
345696 344155 171851
346528 344965 172368
347361 345844 173463
348195 346463 173770
349030 347366 174132
349866 348489 174789
350703 349062 174846
351541 349950 175450
352380 350649 176481
353220 351683 176209
354061 352382 175966
354903 353218 176353
355746 354219 177809
356590 355088 177767
357435 355889 178622
358281 356775 179671
359128 357500 179068
359976 358291 179049
360825 359202 179902
361675 360186 180458
362526 360980 181718
363378 361586 181141
364231 362483 181270
365085 363505 181249
365940 364163 182747
366796 365085 182481
367653 366159 182996
368511 367048 183154
369370 367791 183999
370230 368656 185043
371091 369566 185162
371953 370418 186150
372816 371235 185856
373680 372053 186415
374545 372989 187730
375411 373802 186937
376278 374342 187212
377146 375530 186934
378015 376273 188656
378885 377331 188914
379756 378141 188649
380628 378958 190566
381501 379903 190378
382375 380729 190827
383250 381620 190632
384126 382303 190936
385003 383424 192723
385881 384204 192166
386760 385017 193439
387640 386122 193549
388521 387000 193847
389403 387600 193007
390286 388556 194706
391170 389714 193551
392055 390337 195466
392941 391116 196814
393828 392188 195932
394716 393034 197703
395605 394079 197181
396495 394763 196699
397386 395765 197532
398278 396555 198542
399171 397625 198474
400065 398417 199828
400960 399157 199936
401856 399989 200596
402753 401094 200179
403651 401872 200571
404550 402907 201014
405450 403719 202782
406351 404458 202943
407253 405612 202255
408156 406448 203722
409060 407077 203096
409965 408266 205109
410871 409252 204628
411778 410136 205959
412686 411029 206078
413595 411929 206582
414505 412618 206536
415416 413744 207091
416328 414756 207900
417241 415655 208022
418155 416445 208908
419070 417333 208697
419986 418205 210333
420903 419220 208914
421821 420031 210786
422740 420867 212072
423660 421942 209892
424581 422674 212606
425503 423888 212905
426426 424503 212668
427350 425521 212851
428275 426738 213905
429201 427345 214087
430128 428443 214653
431056 429219 215407
431985 430275 215356
432915 430983 216589
433846 432067 216456
434778 433053 217598
435711 434046 218038
436645 434821 218408
437580 435732 218282
438516 436791 219400
439453 437677 219231
440391 438543 219840
441330 439544 220557
442270 440524 221055
443211 441445 221562
444153 442518 222151
445096 443304 221239
446040 444187 222963
446985 445261 222237
447931 446155 223631
448878 447123 224541
449826 448107 224027
450775 448975 224225
451725 450094 225516
452676 450688 225611
453628 451625 225639
454581 452841 228507
455535 453625 226186
456490 454506 228844
457446 455830 228235
458403 456762 229515
459361 457592 229971
460320 458735 229447
461280 459598 230416
462241 460402 230048
463203 461367 231757
464166 462254 232168
465130 463469 231973
466095 464211 231707
467061 465203 232477
468028 466178 234901
468996 467216 234285
469965 468171 234698
470935 468962 234793
471906 469842 234925
472878 470997 236099
473851 472117 235778
474825 472969 235422
475800 474046 237704
476776 474995 237007
477753 476069 239019
478731 476797 237745
479710 477948 239749
480690 478727 240053
481671 479738 240436
482653 480624 240800
483636 482135 241807
484620 482784 241582
485605 483772 242076
486591 484417 242704
487578 485581 243055
488566 486702 243629
489555 487605 243954
490545 488793 244417
491536 489675 246413
492528 490645 246073
493521 491697 245443
494515 492561 244364
495510 493553 246011
496506 494655 246456
497503 495895 248729
498501 496521 249162
499500 497470 250354
