nlogn comp
282 388
564 768
846 1158
1128 1544
1410 1938
1692 2310
1974 2702
2256 3104
2538 3478
2820 3864
3102 4244
3384 4618
3666 5000
3948 5386
4230 5774
4512 6156
4794 6556
5076 6936
5358 7322
5640 7708
5922 8082
6204 8464
6486 8868
6768 9246
7050 9626
7332 10008
7614 10386
7896 10774
8178 11162
8460 11552
8742 11936
9024 12306
9306 12694
9588 13078
9870 13464
10152 13844
10434 14228
10716 14614
10998 15004
11280 15394
11562 15780
11844 16156
12126 16540
12408 16926
12690 17318
12972 17698
13254 18094
13536 18500
13818 18880
14100 19256
14382 19644
14664 20036
14946 20420
15228 20816
15510 21222
15792 21614
16074 21976
16356 22344
16638 22708
16920 23086
17202 23468
17484 23850
17766 24244
18048 24644
18330 25038
18612 25434
18894 25830
19176 26214
19458 26610
19740 27006
20022 27388
20304 27760
20586 28148
20868 28530
21150 28916
21432 29318
21714 29722
21996 30090
22278 30470
22560 30880
22842 31264
23124 31652
23406 32032
23688 32416
23970 32776
24252 33162
24534 33554
24816 33932
25098 34302
25380 34696
25662 35074
25944 35470
26226 35876
26508 36264
26790 36656
27072 37042
27354 37426
27636 37806
27918 38210
28200 38618
28482 38996
28764 39378
29046 39772
29328 40164
29610 40556
29892 40946
30174 41336
30456 41724
30738 42116
31020 42512
31302 42892
31584 43276
31866 43658
32148 44044
32430 44426
32712 44796
32994 45176
33276 45570
33558 45958
33840 46352
34122 46756
34404 47162
34686 47540
34968 47924
35250 48314
35532 48704
35814 49102
36096 49482
36378 49874
36660 50264
36942 50646
37224 51040
37506 51422
37788 51802
38070 52178
38352 52566
38634 52952
38916 53340
39198 53736
39480 54136
39762 54486
40044 54870
40326 55250
40608 55622
40890 55992
41172 56376
41454 56756
41736 57130
42018 57518
42300 57912
42582 58300
42864 58672
43146 59060
43428 59450
43710 59852
43992 60246
44274 60626
44556 60998
44838 61402
45120 61784
45402 62168
45684 62548
45966 62928
46248 63304
46530 63698
46812 64086
47094 64478
47376 64854
47658 65248
47940 65636
48222 66008
48504 66392
48786 66774
49068 67142
49350 67540
49632 67920
49914 68298
50196 68668
50478 69050
50760 69434
51042 69828
51324 70216
51606 70588
51888 70964
52170 71346
52452 71742
52734 72132
53016 72518
53298 72884
53580 73272
53862 73674
54144 74062
54426 74448
54708 74836
54990 75220
55272 75608
55554 75994
55836 76374
56118 76758
56400 77136
56682 77518
56964 77908
57246 78302
57528 78672
57810 79034
58092 79414
58374 79798
58656 80186
58938 80560
59220 80934
59502 81328
59784 81702
60066 82092
60348 82480
60630 82874
60912 83254
61194 83656
61476 84052
61758 84458
62040 84860
62322 85238
62604 85618
62886 85984
63168 86356
63450 86740
63732 87130
64014 87514
64296 87898
64578 88294
64860 88668
65142 89066
65424 89456
65706 89844
65988 90246
66270 90642
66552 91036
66834 91424
67116 91804
67398 92192
67680 92568
67962 92958
68244 93330
68526 93704
68808 94070
69090 94460
69372 94832
69654 95212
69936 95594
70218 95986
70500 96364
70782 96758
71064 97136
71346 97530
71628 97908
71910 98286
72192 98678
72474 99078
72756 99472
73038 99866
73320 100256
73602 100644
73884 101032
74166 101428
74448 101828
74730 102212
75012 102570
75294 102978
75576 103370
75858 103748
76140 104128
76422 104508
76704 104898
76986 105294
77268 105680
77550 106074
77832 106450
78114 106846
78396 107240
78678 107614
78960 107996
79242 108386
79524 108766
79806 109142
80088 109506
80370 109872
80652 110262
80934 110638
81216 111040
81498 111420
81780 111792
82062 112160
82344 112534
82626 112916
82908 113310
83190 113704
83472 114100
83754 114496
84036 114862
84318 115242
84600 115642
84882 116014
85164 116400
85446 116778
85728 117166
86010 117574
86292 117964
86574 118360
86856 118748
87138 119136
87420 119522
87702 119916
87984 120308
88266 120684
88548 121086
88830 121464
89112 121856
89394 122254
89676 122630
89958 123008
90240 123382
90522 123768
90804 124168
91086 124554
91368 124946
91650 125322
91932 125714
92214 126104
92496 126502
92778 126894
93060 127258
93342 127650
93624 128026
93906 128422
94188 128818
94470 129194
94752 129586
95034 129978
95316 130358
95598 130750
95880 131138
96162 131496
96444 131900
96726 132298
97008 132684
97290 133068
97572 133458
97854 133852
98136 134248
98418 134630
98700 135014
98982 135406
99264 135808
99546 136202
99828 136584
100110 136974
100392 137360
100674 137746
100956 138116
101238 138498
101520 138880
101802 139266
102084 139662
102366 140064
102648 140456
102930 140860
103212 141264
103494 141654
103776 142032
104058 142416
104340 142812
104622 143198
104904 143570
105186 143958
105468 144362
105750 144738
106032 145128
106314 145504
106596 145908
106878 146306
107160 146696
107442 147068
107724 147460
108006 147862
108288 148246
108570 148636
108852 149024
109134 149396
109416 149784
109698 150170
109980 150546
110262 150930
110544 151322
110826 151700
111108 152082
111390 152472
111672 152860
111954 153252
112236 153630
112518 154032
112800 154422
113082 154802
113364 155186
113646 155582
113928 155954
114210 156322
114492 156722
114774 157112
115056 157510
115338 157908
115620 158316
115902 158694
116184 159064
116466 159456
116748 159842
117030 160226
117312 160600
117594 160996
117876 161382
118158 161770
118440 162168
118722 162536
119004 162918
119286 163312
119568 163710
119850 164098
120132 164484
120414 164884
120696 165266
120978 165668
121260 166048
121542 166426
121824 166822
122106 167206
122388 167572
122670 167958
122952 168326
123234 168734
123516 169120
123798 169498
124080 169900
124362 170300
124644 170686
124926 171070
125208 171470
125490 171870
125772 172258
126054 172652
126336 173038
126618 173426
126900 173826
127182 174214
127464 174604
127746 174990
128028 175364
128310 175752
128592 176132
128874 176502
129156 176892
129438 177272
129720 177658
130002 178034
130284 178426
130566 178820
130848 179214
131130 179592
131412 179984
131694 180366
131976 180740
132258 181106
132540 181506
132822 181898
133104 182292
133386 182674
133668 183066
133950 183444
134232 183842
134514 184242
134796 184628
135078 185026
135360 185416
135642 185806
135924 186186
136206 186582
136488 186956
136770 187324
137052 187708
137334 188098
137616 188484
137898 188880
138180 189270
138462 189644
138744 190042
139026 190422
139308 190784
139590 191172
139872 191564
140154 191936
140436 192318
140718 192688
141000 193082
141282 193450
141564 193826
141846 194206
142128 194600
142410 194984
142692 195386
142974 195768
143256 196150
143538 196552
143820 196926
144102 197310
144384 197708
144666 198100
144948 198488
145230 198870
145512 199260
145794 199660
146076 200060
146358 200442
146640 200822
146922 201222
147204 201614
147486 202012
147768 202386
148050 202772
148332 203162
148614 203554
148896 203946
149178 204340
149460 204728
149742 205120
150024 205486
150306 205880
150588 206256
150870 206646
151152 207018
151434 207396
151716 207780
151998 208178
152280 208570
152562 208962
152844 209354
153126 209742
153408 210122
153690 210490
153972 210874
154254 211244
154536 211634
154818 212022
155100 212388
155382 212780
155664 213170
155946 213564
156228 213932
156510 214304
156792 214674
157074 215078
157356 215466
157638 215848
157920 216222
158202 216602
158484 216988
158766 217390
159048 217770
159330 218144
159612 218522
159894 218900
160176 219288
160458 219662
160740 220046
161022 220434
161304 220832
161586 221202
161868 221568
162150 221966
162432 222356
162714 222734
162996 223132
163278 223534
163560 223926
163842 224304
164124 224690
164406 225074
164688 225460
164970 225868
165252 226256
165534 226634
165816 227030
166098 227414
166380 227790
166662 228174
166944 228560
167226 228938
167508 229332
167790 229738
168072 230134
168354 230526
168636 230904
168918 231280
169200 231664
169482 232054
169764 232426
170046 232820
170328 233206
170610 233584
170892 233962
171174 234348
171456 234754
171738 235150
172020 235546
172302 235932
172584 236334
172866 236730
173148 237116
173430 237514
173712 237884
173994 238274
174276 238668
174558 239036
174840 239432
175122 239814
175404 240192
175686 240568
175968 240960
176250 241348
176532 241730
176814 242108
177096 242482
177378 242858
177660 243238
177942 243622
178224 244012
178506 244388
178788 244780
179070 245160
179352 245544
179634 245944
179916 246324
180198 246726
180480 247106
180762 247482
181044 247876
181326 248240
181608 248636
181890 249012
182172 249396
182454 249790
182736 250172
183018 250556
183300 250936
183582 251306
183864 251696
184146 252070
184428 252450
184710 252834
184992 253230
185274 253614
185556 254000
185838 254398
186120 254780
186402 255168
186684 255572
186966 255962
187248 256356
187530 256746
187812 257134
188094 257506
188376 257888
188658 258250
188940 258644
189222 259014
189504 259388
189786 259770
190068 260156
190350 260554
190632 260954
190914 261332
191196 261712
191478 262088
191760 262490
192042 262876
192324 263236
192606 263626
192888 264030
193170 264416
193452 264832
193734 265212
194016 265596
194298 265986
194580 266350
194862 266746
195144 267134
195426 267514
195708 267900
195990 268278
196272 268662
196554 269042
196836 269434
197118 269832
197400 270230
197682 270598
197964 270986
198246 271370
198528 271766
198810 272140
199092 272528
199374 272904
199656 273296
199938 273686
200220 274068
200502 274444
200784 274820
201066 275218
201348 275606
201630 275990
201912 276372
202194 276766
202476 277134
202758 277532
203040 277918
203322 278302
203604 278670
203886 279048
204168 279444
204450 279818
204732 280210
205014 280604
205296 280980
205578 281350
205860 281736
206142 282132
206424 282502
206706 282876
206988 283262
207270 283656
207552 284038
207834 284434
208116 284826
208398 285204
208680 285590
208962 285970
209244 286338
209526 286708
209808 287108
210090 287494
210372 287892
210654 288266
210936 288654
211218 289054
211500 289434
211782 289812
212064 290202
212346 290588
212628 290980
212910 291358
213192 291758
213474 292132
213756 292524
214038 292904
214320 293286
214602 293674
214884 294032
215166 294404
215448 294796
215730 295184
216012 295570
216294 295978
216576 296368
216858 296752
217140 297144
217422 297536
217704 297920
217986 298316
218268 298722
218550 299114
218832 299478
219114 299870
219396 300256
219678 300640
219960 301006
220242 301374
220524 301750
220806 302134
221088 302516
221370 302898
221652 303282
221934 303670
222216 304058
222498 304448
222780 304840
223062 305226
223344 305606
223626 305982
223908 306368
224190 306746
224472 307138
224754 307516
225036 307890
225318 308264
225600 308664
225882 309036
226164 309420
226446 309804
226728 310198
227010 310576
227292 310956
227574 311336
227856 311712
228138 312118
228420 312484
228702 312868
228984 313258
229266 313648
229548 314020
229830 314424
230112 314822
230394 315186
230676 315570
230958 315950
231240 316342
231522 316738
231804 317106
232086 317500
232368 317890
232650 318290
232932 318682
233214 319080
233496 319446
233778 319812
234060 320200
234342 320590
234624 320976
234906 321342
235188 321736
235470 322128
235752 322516
236034 322906
236316 323288
236598 323664
236880 324044
237162 324414
237444 324806
237726 325190
238008 325582
238290 325974
238572 326374
238854 326790
239136 327158
239418 327524
239700 327918
239982 328298
240264 328676
240546 329058
240828 329440
241110 329840
241392 330242
241674 330638
241956 331032
242238 331410
242520 331796
242802 332194
243084 332590
243366 332968
243648 333360
243930 333746
244212 334144
244494 334524
244776 334930
245058 335326
245340 335718
245622 336104
245904 336490
246186 336878
246468 337268
246750 337654
247032 338038
247314 338424
247596 338822
247878 339198
248160 339582
248442 339988
248724 340368
249006 340750
249288 341138
249570 341526
249852 341922
250134 342320
250416 342704
250698 343092
250980 343496
251262 343874
251544 344274
251826 344678
252108 345060
252390 345442
252672 345816
252954 346212
253236 346580
253518 346964
253800 347366
254082 347738
254364 348130
254646 348502
254928 348878
255210 349262
255492 349644
255774 350032
256056 350408
256338 350784
256620 351176
256902 351560
257184 351950
257466 352340
257748 352728
258030 353110
258312 353504
258594 353882
258876 354290
259158 354678
259440 355070
259722 355440
260004 355830
260286 356220
260568 356604
260850 357000
261132 357386
261414 357786
261696 358164
261978 358542
262260 358928
262542 359298
262824 359698
263106 360098
263388 360476
263670 360864
263952 361260
264234 361652
264516 362024
264798 362406
265080 362802
265362 363182
265644 363558
265926 363936
266208 364330
266490 364716
266772 365108
267054 365484
267336 365862
267618 366248
267900 366630
268182 367012
268464 367386
268746 367762
269028 368130
269310 368520
269592 368904
269874 369298
270156 369672
270438 370052
270720 370438
271002 370824
271284 371216
271566 371610
271848 371982
272130 372366
272412 372766
272694 373144
272976 373522
273258 373908
273540 374298
273822 374696
274104 375096
274386 375492
274668 375878
274950 376278
275232 376664
275514 377042
275796 377434
276078 377832
276360 378202
276642 378584
276924 378982
277206 379376
277488 379768
277770 380156
278052 380540
278334 380938
278616 381334
278898 381730
279180 382122
279462 382508
279744 382892
280026 383280
280308 383658
280590 384040
280872 384410
281154 384810
281436 385202
281718 385568
282000 385948
282282 386340
282564 386742
282846 387130
283128 387516
283410 387900
283692 388286
283974 388682
284256 389078
284538 389462
284820 389852
285102 390232
285384 390618
285666 391000
285948 391392
286230 391776
286512 392154
286794 392548
287076 392934
287358 393318
287640 393700
287922 394084
288204 394470
288486 394864
288768 395244
289050 395648
289332 396016
289614 396416
289896 396794
290178 397176
290460 397562
290742 397956
291024 398336
291306 398726
291588 399118
291870 399502
292152 399904
292434 400272
292716 400668
292998 401060
293280 401452
293562 401832
293844 402224
294126 402622
294408 403010
294690 403402
294972 403786
295254 404166
295536 404562
295818 404944
296100 405318
296382 405704
296664 406090
296946 406460
297228 406856
297510 407238
297792 407620
298074 407976
298356 408352
298638 408738
298920 409140
299202 409524
299484 409930
299766 410316
300048 410696
300330 411080
300612 411454
300894 411846
301176 412212
301458 412594
301740 412978
302022 413378
302304 413770
302586 414168
302868 414542
303150 414914
303432 415296
303714 415694
303996 416076
304278 416468
304560 416864
304842 417254
305124 417636
305406 418020
305688 418404
305970 418776
306252 419162
306534 419562
306816 419960
307098 420356
307380 420762
307662 421126
307944 421494
308226 421884
308508 422266
308790 422656
309072 423042
309354 423434
309636 423824
309918 424202
310200 424580
310482 424964
310764 425346
311046 425726
311328 426130
311610 426504
311892 426882
312174 427248
312456 427640
312738 428034
313020 428428
313302 428806
313584 429194
313866 429590
314148 429956
314430 430322
314712 430680
314994 431070
315276 431476
315558 431872
315840 432250
316122 432634
316404 433030
316686 433414
316968 433792
317250 434198
317532 434598
317814 434976
318096 435378
318378 435770
318660 436154
318942 436530
319224 436924
319506 437326
319788 437704
320070 438082
320352 438482
320634 438874
320916 439270
321198 439642
321480 440032
321762 440424
322044 440818
322326 441220
322608 441614
322890 441982
323172 442364
323454 442760
323736 443154
324018 443552
324300 443950
324582 444340
324864 444732
325146 445114
325428 445492
325710 445870
325992 446248
326274 446630
326556 447024
326838 447418
327120 447800
327402 448182
327684 448560
327966 448958
328248 449346
328530 449716
328812 450102
329094 450490
329376 450878
329658 451240
329940 451632
330222 452032
330504 452414
330786 452800
331068 453190
331350 453560
331632 453928
331914 454310
332196 454712
332478 455120
332760 455512
333042 455896
333324 456274
333606 456666
333888 457062
334170 457446
334452 457828
334734 458212
335016 458592
335298 458970
335580 459338
335862 459728
336144 460108
336426 460486
336708 460872
336990 461244
337272 461626
337554 462018
337836 462414
338118 462800
338400 463186
338682 463572
338964 463968
339246 464364
339528 464740
339810 465124
340092 465498
340374 465880
340656 466248
340938 466630
341220 466998
341502 467384
341784 467778
342066 468166
342348 468552
342630 468938
342912 469320
343194 469702
343476 470110
343758 470500
344040 470904
344322 471288
344604 471670
344886 472054
345168 472436
345450 472818
345732 473180
346014 473574
346296 473948
346578 474342
346860 474722
347142 475098
347424 475498
347706 475888
347988 476276
348270 476648
348552 477036
348834 477430
349116 477814
349398 478212
349680 478588
349962 478974
350244 479368
350526 479768
350808 480164
351090 480544
351372 480932
351654 481324
351936 481720
352218 482104
352500 482494
352782 482882
353064 483272
353346 483664
353628 484070
353910 484434
354192 484828
354474 485226
354756 485608
355038 485992
355320 486372
355602 486754
355884 487136
356166 487534
356448 487926
356730 488326
357012 488732
357294 489102
357576 489502
357858 489894
358140 490280
358422 490662
358704 491054
358986 491438
359268 491840
359550 492232
359832 492616
360114 493018
360396 493414
360678 493794
360960 494188
361242 494566
361524 494944
361806 495340
362088 495738
362370 496144
362652 496538
362934 496940
363216 497350
363498 497742
363780 498126
364062 498512
364344 498894
364626 499280
364908 499674
365190 500080
365472 500482
365754 500878
366036 501262
366318 501650
366600 502028
366882 502428
367164 502810
367446 503198
367728 503584
368010 503958
368292 504338
368574 504728
368856 505102
369138 505492
369420 505890
369702 506278
369984 506664
370266 507042
370548 507428
370830 507824
371112 508208
371394 508596
371676 508982
371958 509376
372240 509752
372522 510152
372804 510544
373086 510944
373368 511350
373650 511752
373932 512128
374214 512510
374496 512906
374778 513284
375060 513658
375342 514026
375624 514420
375906 514780
376188 515170
376470 515562
376752 515938
377034 516330
377316 516724
377598 517088
377880 517474
378162 517860
378444 518254
378726 518626
379008 519010
379290 519384
379572 519766
379854 520178
380136 520560
380418 520940
380700 521336
380982 521726
381264 522100
381546 522496
381828 522874
382110 523272
382392 523654
382674 524026
382956 524424
383238 524816
383520 525204
383802 525588
384084 525976
384366 526356
384648 526750
384930 527140
385212 527524
385494 527898
385776 528292
386058 528670
386340 529064
386622 529444
386904 529842
387186 530224
387468 530604
387750 530992
388032 531368
388314 531764
388596 532168
388878 532536
389160 532938
389442 533334
389724 533730
390006 534108
390288 534504
390570 534886
390852 535284
391134 535656
391416 536056
391698 536450
391980 536842
392262 537232
392544 537634
392826 538030
393108 538428
393390 538802
393672 539180
393954 539576
394236 539974
394518 540340
394800 540716
395082 541100
395364 541496
395646 541888
395928 542278
396210 542668
396492 543054
396774 543458
397056 543852
397338 544244
397620 544622
397902 545020
398184 545394
398466 545768
398748 546168
399030 546546
399312 546920
399594 547286
399876 547674
400158 548042
400440 548428
400722 548828
401004 549216
401286 549602
401568 549992
401850 550370
402132 550742
402414 551130
402696 551504
402978 551884
403260 552268
403542 552652
403824 553032
404106 553416
404388 553786
404670 554180
404952 554552
405234 554940
405516 555308
405798 555690
406080 556068
406362 556450
406644 556826
406926 557194
407208 557578
407490 557958
407772 558348
408054 558732
408336 559112
408618 559488
408900 559854
409182 560250
409464 560634
409746 561028
410028 561414
410310 561778
410592 562170
410874 562542
411156 562906
411438 563292
411720 563674
412002 564064
412284 564466
412566 564858
412848 565250
413130 565640
413412 566036
413694 566414
413976 566780
414258 567176
414540 567568
414822 567962
415104 568366
415386 568754
415668 569138
415950 569524
416232 569914
416514 570294
416796 570692
417078 571052
417360 571454
417642 571846
417924 572232
418206 572612
418488 573000
418770 573378
419052 573778
419334 574160
419616 574536
419898 574934
420180 575336
420462 575734
420744 576134
421026 576546
421308 576928
421590 577306
421872 577696
422154 578060
422436 578446
422718 578844
423000 579216
423282 579608
423564 579990
423846 580376
424128 580772
424410 581166
424692 581550
424974 581942
425256 582320
425538 582722
425820 583088
426102 583470
426384 583846
426666 584216
426948 584582
427230 584978
427512 585378
427794 585782
428076 586168
428358 586552
428640 586914
428922 587300
429204 587676
429486 588056
429768 588428
430050 588798
430332 589178
430614 589566
430896 589950
431178 590322
431460 590714
431742 591104
432024 591476
432306 591874
432588 592262
432870 592652
433152 593040
433434 593440
433716 593814
433998 594190
434280 594590
434562 594982
434844 595366
435126 595742
435408 596136
435690 596528
435972 596928
436254 597314
436536 597674
436818 598068
437100 598456
437382 598850
437664 599212
437946 599606
438228 599996
438510 600384
438792 600776
439074 601170
439356 601552
439638 601940
439920 602318
440202 602700
440484 603068
440766 603444
441048 603822
441330 604200
441612 604600
441894 604990
442176 605386
442458 605776
442740 606160
443022 606552
443304 606928
443586 607308
443868 607682
444150 608068
444432 608454
444714 608854
444996 609236
445278 609630
445560 610028
445842 610414
446124 610816
446406 611196
446688 611592
446970 611986
447252 612364
447534 612744
447816 613132
448098 613524
448380 613918
448662 614292
448944 614678
449226 615046
449508 615424
449790 615822
450072 616208
450354 616596
450636 616982
450918 617368
451200 617756
451482 618152
451764 618560
452046 618936
452328 619336
452610 619728
452892 620124
453174 620512
453456 620878
453738 621252
454020 621636
454302 622010
454584 622390
454866 622776
455148 623174
455430 623564
455712 623936
455994 624336
456276 624724
456558 625130
456840 625502
457122 625880
457404 626276
457686 626666
457968 627068
458250 627444
458532 627828
458814 628220
459096 628594
459378 628974
459660 629362
459942 629746
460224 630136
460506 630522
460788 630910
461070 631290
461352 631658
461634 632046
461916 632438
462198 632816
462480 633192
462762 633574
463044 633976
463326 634354
463608 634748
463890 635144
464172 635540
464454 635912
464736 636300
465018 636646
465300 637044
465582 637440
465864 637828
466146 638210
466428 638604
466710 639004
466992 639394
467274 639780
467556 640158
467838 640528
468120 640910
468402 641302
468684 641674
468966 642068
469248 642452
469530 642822
469812 643208
470094 643600
470376 643990
470658 644376
470940 644754
471222 645136
471504 645532
471786 645914
472068 646292
472350 646676
472632 647070
472914 647466
473196 647846
473478 648236
473760 648616
474042 648986
474324 649394
474606 649802
474888 650206
475170 650590
475452 650982
475734 651358
476016 651748
476298 652136
476580 652522
476862 652906
477144 653300
477426 653678
477708 654074
477990 654462
478272 654842
478554 655228
478836 655620
479118 656012
479400 656392
479682 656770
479964 657156
480246 657560
480528 657958
480810 658358
481092 658746
481374 659130
481656 659522
481938 659904
482220 660292
482502 660668
482784 661056
483066 661436
483348 661826
483630 662216
483912 662608
484194 662984
484476 663376
484758 663752
485040 664140
485322 664518
485604 664902
485886 665286
486168 665682
486450 666058
486732 666430
487014 666814
487296 667190
487578 667560
487860 667938
488142 668302
488424 668706
488706 669078
488988 669480
489270 669870
489552 670244
489834 670636
490116 671034
490398 671438
490680 671838
490962 672226
491244 672612
491526 673002
491808 673384
492090 673780
492372 674162
492654 674562
492936 674954
493218 675328
493500 675716
493782 676102
494064 676500
494346 676890
494628 677278
494910 677664
495192 678042
495474 678448
495756 678836
496038 679226
496320 679618
496602 680012
496884 680380
497166 680760
497448 681152
497730 681538
498012 681924
498294 682322
498576 682702
498858 683090
499140 683466
499422 683864
499704 684254
499986 684622
500268 685008
500550 685382
500832 685762
501114 686158
501396 686548
501678 686942
501960 687330
502242 687708
502524 688096
502806 688484
503088 688860
503370 689250
503652 689646
503934 690018
504216 690404
504498 690796
504780 691180
505062 691582
505344 691962
505626 692342
505908 692726
506190 693132
506472 693512
506754 693910
507036 694318
507318 694694
507600 695076
507882 695462
508164 695846
508446 696240
508728 696608
509010 696998
509292 697388
509574 697770
509856 698146
510138 698546
510420 698938
510702 699332
510984 699736
511266 700130
511548 700524
511830 700904
512112 701300
512394 701688
512676 702056
512958 702436
513240 702806
513522 703192
513804 703572
514086 703966
514368 704352
514650 704758
514932 705154
515214 705544
515496 705938
515778 706326
516060 706714
516342 707096
516624 707482
516906 707878
517188 708266
517470 708640
517752 709036
518034 709420
518316 709792
518598 710192
518880 710586
519162 710968
519444 711350
519726 711730
520008 712122
520290 712512
520572 712890
520854 713280
521136 713698
521418 714088
521700 714478
521982 714862
522264 715252
522546 715624
522828 715990
523110 716360
523392 716740
523674 717130
523956 717504
524238 717888
524520 718280
524802 718650
525084 719034
525366 719400
525648 719788
525930 720172
526212 720572
526494 720960
526776 721350
527058 721742
527340 722128
527622 722482
527904 722854
528186 723250
528468 723616
528750 724000
529032 724400
529314 724792
529596 725182
529878 725578
530160 725970
530442 726364
530724 726750
531006 727132
531288 727514
531570 727898
531852 728292
532134 728674
532416 729046
532698 729414
532980 729804
533262 730186
533544 730582
533826 730960
534108 731346
534390 731740
534672 732132
534954 732526
535236 732918
535518 733314
535800 733686
536082 734080
536364 734462
536646 734856
536928 735262
537210 735652
537492 736022
537774 736406
538056 736780
538338 737170
538620 737546
538902 737938
539184 738328
539466 738722
539748 739116
540030 739498
540312 739876
540594 740272
540876 740646
541158 741022
541440 741404
541722 741772
542004 742158
542286 742562
542568 742960
542850 743346
543132 743734
543414 744120
543696 744510
543978 744912
544260 745300
544542 745698
544824 746078
545106 746460
545388 746836
545670 747228
545952 747602
546234 747984
546516 748386
546798 748764
547080 749154
547362 749552
547644 749956
547926 750334
548208 750730
548490 751124
548772 751520
549054 751894
549336 752278
549618 752666
549900 753042
550182 753420
550464 753808
550746 754186
551028 754582
551310 754956
551592 755350
551874 755770
552156 756136
552438 756526
552720 756904
553002 757302
553284 757690
553566 758078
553848 758470
554130 758862
554412 759262
554694 759630
554976 760018
555258 760398
555540 760782
555822 761192
556104 761566
556386 761956
556668 762344
556950 762718
557232 763098
557514 763478
557796 763864
558078 764262
558360 764654
558642 765048
558924 765422
559206 765798
559488 766182
559770 766570
560052 766956
560334 767332
560616 767728
560898 768130
561180 768516
561462 768898
561744 769282
562026 769668
562308 770050
562590 770452
562872 770838
563154 771224
563436 771604
563718 772006
564000 772398
564282 772794
564564 773188
564846 773594
565128 773982
565410 774372
565692 774774
565974 775172
566256 775562
566538 775956
566820 776322
567102 776718
567384 777102
567666 777484
567948 777876
568230 778268
568512 778654
568794 779036
569076 779428
569358 779812
569640 780190
569922 780578
570204 780966
570486 781348
570768 781732
571050 782132
571332 782500
571614 782876
571896 783254
572178 783628
572460 784000
572742 784390
573024 784768
573306 785146
573588 785524
573870 785886
574152 786278
574434 786640
574716 787046
574998 787436
575280 787844
575562 788242
575844 788610
576126 788996
576408 789360
576690 789744
576972 790136
577254 790530
577536 790908
577818 791300
578100 791698
578382 792096
578664 792472
578946 792846
579228 793242
579510 793614
579792 794014
580074 794406
580356 794786
580638 795168
580920 795556
581202 795958
581484 796360
581766 796742
582048 797124
582330 797520
582612 797898
582894 798280
583176 798668
583458 799050
583740 799426
584022 799818
584304 800220
584586 800610
584868 800988
585150 801376
585432 801758
585714 802150
585996 802528
586278 802902
586560 803282
586842 803668
587124 804064
587406 804450
587688 804822
587970 805230
588252 805608
588534 805996
588816 806372
589098 806756
589380 807156
589662 807554
589944 807924
590226 808312
590508 808702
590790 809104
591072 809488
591354 809862
591636 810262
591918 810662
592200 811054
592482 811456
592764 811826
593046 812210
593328 812596
593610 813002
593892 813382
594174 813780
594456 814156
594738 814542
595020 814926
595302 815322
595584 815716
595866 816104
596148 816468
596430 816840
596712 817238
596994 817618
597276 817996
597558 818404
597840 818792
598122 819172
598404 819560
598686 819944
598968 820334
599250 820734
599532 821130
599814 821522
600096 821904
600378 822288
600660 822668
600942 823050
601224 823434
601506 823820
601788 824206
602070 824594
602352 824990
602634 825382
602916 825766
603198 826156
603480 826544
603762 826924
604044 827312
604326 827682
604608 828066
604890 828434
605172 828830
605454 829210
605736 829606
606018 829990
606300 830376
606582 830782
606864 831182
607146 831560
607428 831948
607710 832330
607992 832728
608274 833136
608556 833530
608838 833920
609120 834286
609402 834660
609684 835036
609966 835418
610248 835800
610530 836186
610812 836588
611094 836964
611376 837342
611658 837728
611940 838122
612222 838502
612504 838900
612786 839272
613068 839664
613350 840066
613632 840450
613914 840836
614196 841214
614478 841608
614760 841986
615042 842364
615324 842750
615606 843128
615888 843506
616170 843900
616452 844304
616734 844702
617016 845078
617298 845456
617580 845838
617862 846226
618144 846616
618426 847020
618708 847406
618990 847784
619272 848176
619554 848546
619836 848944
620118 849330
620400 849724
620682 850120
620964 850492
621246 850876
621528 851278
621810 851658
622092 852058
622374 852436
622656 852822
622938 853206
623220 853614
623502 853984
623784 854354
624066 854736
624348 855120
624630 855496
624912 855896
625194 856278
625476 856670
625758 857066
626040 857458
626322 857848
626604 858242
626886 858640
627168 859018
627450 859400
627732 859804
628014 860196
628296 860594
628578 860988
628860 861360
629142 861748
629424 862146
629706 862548
629988 862924
630270 863316
630552 863696
630834 864084
631116 864480
631398 864886
631680 865264
631962 865656
632244 866028
632526 866408
632808 866784
633090 867166
633372 867550
633654 867922
633936 868316
634218 868694
634500 869080
634782 869460
635064 869838
635346 870230
635628 870626
635910 871016
636192 871400
636474 871802
636756 872202
637038 872576
637320 872952
637602 873344
637884 873736
638166 874128
638448 874516
638730 874880
639012 875274
639294 875672
639576 876046
639858 876430
640140 876820
640422 877202
640704 877610
640986 878000
641268 878390
641550 878784
641832 879164
642114 879564
642396 879958
642678 880350
642960 880734
643242 881124
643524 881526
643806 881934
644088 882314
644370 882694
644652 883094
644934 883474
645216 883876
645498 884266
645780 884664
646062 885048
646344 885446
646626 885838
646908 886224
647190 886626
647472 887008
647754 887382
648036 887776
648318 888164
648600 888546
648882 888938
649164 889304
649446 889670
649728 890056
650010 890444
650292 890828
650574 891226
650856 891620
651138 892012
651420 892390
651702 892782
651984 893178
652266 893566
652548 893952
652830 894330
653112 894704
653394 895104
653676 895498
653958 895894
654240 896294
654522 896680
654804 897064
655086 897460
655368 897850
655650 898230
655932 898622
656214 899012
656496 899398
656778 899804
657060 900200
657342 900588
657624 900998
657906 901380
658188 901778
658470 902158
658752 902536
659034 902924
659316 903324
659598 903720
659880 904106
660162 904490
660444 904884
660726 905264
661008 905668
661290 906064
661572 906454
661854 906832
662136 907218
662418 907602
662700 907974
662982 908368
663264 908752
663546 909136
663828 909532
664110 909908
664392 910306
664674 910694
664956 911094
665238 911486
665520 911872
665802 912262
666084 912634
666366 913014
666648 913406
666930 913790
667212 914166
667494 914550
667776 914924
668058 915318
668340 915716
668622 916092
668904 916484
669186 916884
669468 917268
669750 917662
670032 918058
670314 918444
670596 918834
670878 919208
671160 919598
671442 919960
671724 920348
672006 920720
672288 921126
672570 921504
672852 921888
673134 922278
673416 922660
673698 923030
673980 923422
674262 923794
674544 924188
674826 924574
675108 924954
675390 925344
675672 925720
675954 926098
676236 926498
676518 926884
676800 927274
677082 927668
677364 928060
677646 928446
677928 928834
678210 929216
678492 929616
678774 930010
679056 930394
679338 930782
679620 931158
679902 931554
680184 931962
680466 932360
680748 932756
681030 933132
681312 933538
681594 933918
681876 934316
682158 934694
682440 935078
682722 935472
683004 935872
683286 936236
683568 936594
683850 936982
684132 937342
684414 937708
684696 938078
684978 938460
685260 938848
685542 939242
685824 939626
686106 940024
686388 940394
686670 940788
686952 941164
687234 941556
687516 941936
687798 942334
688080 942720
688362 943110
688644 943478
688926 943868
689208 944256
689490 944624
689772 945008
690054 945384
690336 945772
690618 946160
690900 946544
691182 946934
691464 947302
691746 947686
692028 948068
692310 948474
692592 948854
692874 949232
693156 949630
693438 950014
693720 950398
694002 950798
694284 951210
694566 951596
694848 951992
695130 952378
695412 952756
695694 953128
695976 953514
696258 953916
696540 954304
696822 954698
697104 955078
697386 955474
697668 955860
697950 956270
698232 956650
698514 957034
698796 957422
699078 957798
699360 958188
699642 958576
699924 958956
700206 959334
700488 959730
700770 960136
701052 960514
701334 960894
701616 961270
701898 961660
702180 962050
702462 962440
702744 962818
703026 963204
703308 963584
703590 963968
703872 964354
704154 964748
704436 965132
704718 965516
705000 965904
705282 966292
705564 966682
705846 967076
706128 967454
706410 967840
706692 968230
706974 968620
707256 968994
707538 969374
707820 969762
708102 970158
708384 970526
708666 970910
708948 971294
709230 971666
709512 972032
709794 972414
710076 972800
710358 973194
710640 973586
710922 973966
711204 974358
711486 974750
711768 975128
712050 975524
712332 975922
712614 976290
712896 976668
713178 977042
713460 977434
713742 977806
714024 978184
714306 978570
714588 978954
714870 979340
715152 979716
715434 980114
715716 980512
715998 980894
716280 981276
716562 981642
716844 982022
717126 982418
717408 982800
717690 983188
717972 983578
718254 983968
718536 984362
718818 984748
719100 985124
719382 985504
719664 985884
719946 986290
720228 986670
720510 987070
720792 987452
721074 987836
721356 988242
721638 988648
721920 989044
722202 989412
722484 989792
722766 990180
723048 990550
723330 990926
723612 991308
723894 991718
724176 992116
724458 992508
724740 992894
725022 993278
725304 993674
725586 994058
725868 994450
726150 994838
726432 995240
726714 995616
726996 996014
727278 996392
727560 996786
727842 997174
728124 997556
728406 997950
728688 998342
728970 998724
729252 999124
729534 999504
729816 999896
730098 1000288
730380 1000660
730662 1001042
730944 1001432
731226 1001828
731508 1002212
731790 1002600
732072 1002984
732354 1003382
732636 1003768
732918 1004160
733200 1004538
733482 1004924
733764 1005318
734046 1005714
734328 1006100
734610 1006494
734892 1006868
735174 1007246
735456 1007620
735738 1008014
736020 1008402
736302 1008796
736584 1009180
736866 1009560
737148 1009938
737430 1010314
737712 1010712
737994 1011098
738276 1011476
738558 1011860
738840 1012264
739122 1012674
739404 1013058
739686 1013440
739968 1013796
740250 1014200
740532 1014584
740814 1014978
741096 1015374
741378 1015762
741660 1016160
741942 1016532
742224 1016928
742506 1017312
742788 1017708
743070 1018094
743352 1018474
743634 1018870
743916 1019250
744198 1019624
744480 1020008
744762 1020402
745044 1020780
745326 1021178
745608 1021562
745890 1021958
746172 1022346
746454 1022718
746736 1023088
747018 1023472
747300 1023862
747582 1024248
747864 1024626
748146 1025018
748428 1025400
748710 1025784
748992 1026146
749274 1026536
749556 1026924
749838 1027322
750120 1027722
750402 1028108
750684 1028508
750966 1028888
751248 1029256
751530 1029636
751812 1030040
752094 1030444
752376 1030834
752658 1031216
752940 1031612
753222 1032014
753504 1032404
753786 1032788
754068 1033172
754350 1033554
754632 1033932
754914 1034326
755196 1034728
755478 1035120
755760 1035504
756042 1035880
756324 1036270
756606 1036652
756888 1037018
757170 1037386
757452 1037770
757734 1038158
758016 1038532
758298 1038920
758580 1039288
758862 1039672
759144 1040050
759426 1040436
759708 1040832
759990 1041218
760272 1041606
760554 1041994
760836 1042382
761118 1042756
761400 1043132
761682 1043514
761964 1043900
762246 1044296
762528 1044692
762810 1045080
763092 1045478
763374 1045858
763656 1046240
763938 1046622
764220 1047000
764502 1047390
764784 1047768
765066 1048134
765348 1048508
765630 1048888
765912 1049272
766194 1049656
766476 1050042
766758 1050440
767040 1050836
767322 1051236
767604 1051630
767886 1052028
768168 1052418
768450 1052788
768732 1053196
769014 1053568
769296 1053970
769578 1054362
769860 1054744
770142 1055128
770424 1055498
770706 1055884
770988 1056276
771270 1056652
771552 1057032
771834 1057400
772116 1057768
772398 1058142
772680 1058526
772962 1058912
773244 1059290
773526 1059674
773808 1060084
774090 1060460
774372 1060848
774654 1061236
774936 1061630
775218 1062010
775500 1062404
775782 1062788
776064 1063176
776346 1063570
776628 1063962
776910 1064358
777192 1064754
777474 1065144
777756 1065522
778038 1065912
778320 1066306
778602 1066676
778884 1067070
779166 1067470
779448 1067856
779730 1068244
780012 1068618
780294 1069030
780576 1069430
780858 1069806
781140 1070202
781422 1070580
781704 1070956
781986 1071360
782268 1071746
782550 1072130
782832 1072500
783114 1072884
783396 1073282
783678 1073664
783960 1074056
784242 1074438
784524 1074822
784806 1075224
785088 1075604
785370 1075986
785652 1076372
785934 1076766
786216 1077172
786498 1077580
786780 1077962
787062 1078334
787344 1078732
787626 1079116
787908 1079476
788190 1079870
788472 1080252
788754 1080642
789036 1081014
789318 1081402
789600 1081768
789882 1082176
790164 1082576
790446 1082956
790728 1083342
791010 1083732
791292 1084128
791574 1084514
791856 1084910
792138 1085286
792420 1085658
792702 1086032
792984 1086408
793266 1086800
793548 1087180
793830 1087576
794112 1087952
794394 1088326
794676 1088708
794958 1089084
795240 1089458
795522 1089848
795804 1090240
796086 1090632
796368 1091032
796650 1091412
796932 1091800
797214 1092184
797496 1092576
797778 1092950
798060 1093346
798342 1093740
798624 1094128
798906 1094532
799188 1094912
799470 1095294
799752 1095668
800034 1096064
800316 1096426
800598 1096812
800880 1097184
801162 1097576
801444 1097958
801726 1098350
802008 1098752
802290 1099136
802572 1099522
802854 1099886
803136 1100258
803418 1100646
803700 1101030
803982 1101410
804264 1101780
804546 1102172
804828 1102580
805110 1102962
805392 1103342
805674 1103726
805956 1104124
806238 1104502
806520 1104890
806802 1105270
807084 1105666
807366 1106066
807648 1106450
807930 1106818
808212 1107198
808494 1107562
808776 1107948
809058 1108334
809340 1108740
809622 1109130
809904 1109518
810186 1109902
810468 1110284
810750 1110668
811032 1111038
811314 1111432
811596 1111808
811878 1112178
812160 1112550
812442 1112934
812724 1113338
813006 1113736
813288 1114128
813570 1114524
813852 1114930
814134 1115320
814416 1115704
814698 1116082
814980 1116462
815262 1116848
815544 1117248
815826 1117614
816108 1118000
816390 1118392
816672 1118770
816954 1119146
817236 1119540
817518 1119924
817800 1120300
818082 1120676
818364 1121058
818646 1121438
818928 1121826
819210 1122208
819492 1122602
819774 1122980
820056 1123372
820338 1123744
820620 1124120
820902 1124500
821184 1124894
821466 1125286
821748 1125684
822030 1126064
822312 1126448
822594 1126850
822876 1127228
823158 1127614
823440 1128006
823722 1128420
824004 1128800
824286 1129204
824568 1129590
824850 1129980
825132 1130382
825414 1130770
825696 1131154
825978 1131544
826260 1131930
826542 1132326
826824 1132708
827106 1133072
827388 1133460
827670 1133852
827952 1134244
828234 1134630
828516 1135038
828798 1135396
829080 1135794
829362 1136164
829644 1136556
829926 1136938
830208 1137320
830490 1137692
830772 1138070
831054 1138450
831336 1138842
831618 1139240
831900 1139638
832182 1140018
832464 1140402
832746 1140796
833028 1141162
833310 1141550
833592 1141932
833874 1142342
834156 1142714
834438 1143100
834720 1143474
835002 1143858
835284 1144248
835566 1144642
835848 1145032
836130 1145402
836412 1145786
836694 1146166
836976 1146558
837258 1146940
837540 1147316
837822 1147698
838104 1148086
838386 1148478
838668 1148884
838950 1149270
839232 1149662
839514 1150050
839796 1150448
840078 1150842
840360 1151216
840642 1151602
840924 1151968
841206 1152348
841488 1152730
841770 1153114
842052 1153480
842334 1153862
842616 1154252
842898 1154640
843180 1155032
843462 1155408
843744 1155784
844026 1156174
844308 1156560
844590 1156954
844872 1157326
845154 1157714
845436 1158098
845718 1158496
846000 1158890
846282 1159272
846564 1159646
846846 1160030
847128 1160404
847410 1160818
847692 1161198
847974 1161580
848256 1161964
848538 1162344
848820 1162740
849102 1163146
849384 1163548
849666 1163924
849948 1164298
850230 1164670
850512 1165064
850794 1165428
851076 1165830
851358 1166200
851640 1166596
851922 1166966
852204 1167370
852486 1167746
852768 1168130
853050 1168522
853332 1168918
853614 1169302
853896 1169702
854178 1170088
854460 1170460
854742 1170846
855024 1171214
855306 1171600
855588 1171980
855870 1172382
856152 1172770
856434 1173160
856716 1173540
856998 1173928
857280 1174312
857562 1174700
857844 1175080
858126 1175456
858408 1175844
858690 1176228
858972 1176618
859254 1177012
859536 1177398
859818 1177778
860100 1178170
860382 1178558
860664 1178954
860946 1179332
861228 1179722
861510 1180104
861792 1180488
862074 1180868
862356 1181258
862638 1181654
862920 1182060
863202 1182464
863484 1182834
863766 1183240
864048 1183616
864330 1184000
864612 1184382
864894 1184764
865176 1185150
865458 1185542
865740 1185930
866022 1186310
866304 1186700
866586 1187114
866868 1187492
867150 1187894
867432 1188272
867714 1188668
867996 1189028
868278 1189438
868560 1189818
868842 1190218
869124 1190606
869406 1190990
869688 1191378
869970 1191758
870252 1192142
870534 1192532
870816 1192922
871098 1193310
871380 1193706
871662 1194082
871944 1194472
872226 1194840
872508 1195230
872790 1195636
873072 1196026
873354 1196406
873636 1196790
873918 1197168
874200 1197544
874482 1197920
874764 1198320
875046 1198714
875328 1199098
875610 1199488
875892 1199860
876174 1200250
876456 1200642
876738 1201026
877020 1201408
877302 1201790
877584 1202180
877866 1202574
878148 1202966
878430 1203354
878712 1203724
878994 1204116
879276 1204512
879558 1204888
879840 1205268
880122 1205654
880404 1206044
880686 1206422
880968 1206818
881250 1207206
881532 1207580
881814 1207966
882096 1208352
882378 1208758
882660 1209138
882942 1209528
883224 1209914
883506 1210300
883788 1210672
884070 1211042
884352 1211422
884634 1211800
884916 1212192
885198 1212582
885480 1212966
885762 1213362
886044 1213758
886326 1214144
886608 1214546
886890 1214924
887172 1215310
887454 1215704
887736 1216090
888018 1216472
888300 1216860
888582 1217248
888864 1217652
889146 1218052
889428 1218426
889710 1218808
889992 1219198
890274 1219576
890556 1219956
890838 1220324
891120 1220706
891402 1221106
891684 1221494
891966 1221874
892248 1222256
892530 1222640
892812 1223038
893094 1223434
893376 1223836
893658 1224222
893940 1224614
894222 1224994
894504 1225364
894786 1225754
895068 1226134
895350 1226522
895632 1226896
895914 1227272
896196 1227662
896478 1228058
896760 1228452
897042 1228834
897324 1229224
897606 1229602
897888 1229980
898170 1230380
898452 1230766
898734 1231158
899016 1231528
899298 1231916
899580 1232296
899862 1232688
900144 1233072
900426 1233466
900708 1233858
900990 1234246
901272 1234626
901554 1235018
901836 1235428
902118 1235804
902400 1236196
902682 1236582
902964 1236970
903246 1237356
903528 1237724
903810 1238108
904092 1238506
904374 1238886
904656 1239280
904938 1239668
905220 1240060
905502 1240450
905784 1240844
906066 1241236
906348 1241636
906630 1242022
906912 1242408
907194 1242772
907476 1243170
907758 1243574
908040 1243966
908322 1244364
908604 1244762
908886 1245140
909168 1245552
909450 1245946
909732 1246320
910014 1246716
910296 1247094
910578 1247458
910860 1247842
911142 1248222
911424 1248600
911706 1248982
911988 1249374
912270 1249742
912552 1250126
912834 1250532
913116 1250922
913398 1251304
913680 1251698
913962 1252094
914244 1252496
914526 1252874
914808 1253254
915090 1253640
915372 1254028
915654 1254420
915936 1254814
916218 1255198
916500 1255574
916782 1255958
917064 1256342
917346 1256724
917628 1257106
917910 1257488
918192 1257876
918474 1258276
918756 1258656
919038 1259044
919320 1259430
919602 1259808
919884 1260190
920166 1260570
920448 1260960
920730 1261352
921012 1261736
921294 1262130
921576 1262510
921858 1262886
922140 1263274
922422 1263658
922704 1264034
922986 1264428
923268 1264828
923550 1265206
923832 1265590
924114 1265974
924396 1266354
924678 1266736
924960 1267136
925242 1267524
925524 1267900
925806 1268290
926088 1268682
926370 1269078
926652 1269466
926934 1269848
927216 1270250
927498 1270634
927780 1271032
928062 1271404
928344 1271796
928626 1272188
928908 1272558
929190 1272942
929472 1273324
929754 1273710
930036 1274090
930318 1274450
930600 1274834
930882 1275230
931164 1275620
931446 1275996
931728 1276380
932010 1276758
932292 1277164
932574 1277550
932856 1277938
933138 1278314
933420 1278700
933702 1279078
933984 1279456
934266 1279832
934548 1280210
934830 1280588
935112 1280970
935394 1281362
935676 1281752
935958 1282146
936240 1282528
936522 1282912
936804 1283298
937086 1283682
937368 1284090
937650 1284466
937932 1284846
938214 1285250
938496 1285642
938778 1286052
939060 1286454
939342 1286842
939624 1287242
939906 1287634
940188 1288018
940470 1288408
940752 1288790
941034 1289178
941316 1289586
941598 1289964
941880 1290348
942162 1290736
942444 1291146
942726 1291534
943008 1291892
943290 1292282
943572 1292674
943854 1293052
944136 1293442
944418 1293840
944700 1294240
944982 1294622
945264 1295024
945546 1295398
945828 1295796
946110 1296172
946392 1296558
946674 1296950
946956 1297342
947238 1297720
947520 1298114
947802 1298490
948084 1298880
948366 1299262
948648 1299630
948930 1300020
949212 1300412
949494 1300800
949776 1301178
950058 1301548
950340 1301930
950622 1302310
950904 1302686
951186 1303088
951468 1303474
951750 1303864
952032 1304244
952314 1304618
952596 1304976
952878 1305344
953160 1305732
953442 1306122
953724 1306502
954006 1306902
954288 1307282
954570 1307654
954852 1308034
955134 1308424
955416 1308818
955698 1309198
955980 1309582
956262 1309964
956544 1310332
956826 1310722
957108 1311114
957390 1311508
957672 1311910
957954 1312310
958236 1312692
958518 1313066
958800 1313454
959082 1313842
959364 1314226
959646 1314614
959928 1315004
960210 1315382
960492 1315764
960774 1316156
961056 1316526
961338 1316890
961620 1317280
961902 1317658
962184 1318044
962466 1318440
962748 1318830
963030 1319202
963312 1319584
963594 1319968
963876 1320348
964158 1320738
964440 1321112
964722 1321504
965004 1321890
965286 1322258
965568 1322662
965850 1323062
966132 1323462
966414 1323852
966696 1324234
966978 1324612
967260 1324986
967542 1325380
967824 1325758
968106 1326138
968388 1326532
968670 1326926
968952 1327310
969234 1327694
969516 1328086
969798 1328470
970080 1328862
970362 1329250
970644 1329640
970926 1330034
971208 1330412
971490 1330788
971772 1331162
972054 1331548
972336 1331920
972618 1332312
972900 1332698
973182 1333094
973464 1333482
973746 1333878
974028 1334262
974310 1334658
974592 1335038
974874 1335418
975156 1335810
975438 1336186
975720 1336574
976002 1336958
976284 1337356
976566 1337734
976848 1338122
977130 1338520
977412 1338906
977694 1339302
977976 1339698
978258 1340088
978540 1340476
978822 1340878
979104 1341270
979386 1341674
979668 1342070
979950 1342460
980232 1342840
980514 1343236
980796 1343622
981078 1344008
981360 1344402
981642 1344776
981924 1345162
982206 1345548
982488 1345934
982770 1346324
983052 1346730
983334 1347118
983616 1347510
983898 1347902
984180 1348294
984462 1348664
984744 1349044
985026 1349422
985308 1349824
985590 1350196
985872 1350580
986154 1350970
986436 1351332
986718 1351728
987000 1352122
987282 1352506
987564 1352894
987846 1353274
988128 1353658
988410 1354036
988692 1354416
988974 1354788
989256 1355176
989538 1355570
989820 1355968
990102 1356364
990384 1356754
990666 1357142
990948 1357534
991230 1357922
991512 1358318
991794 1358694
992076 1359080
992358 1359466
992640 1359862
992922 1360254
993204 1360640
993486 1361032
993768 1361426
994050 1361812
994332 1362206
994614 1362596
994896 1362992
995178 1363378
995460 1363758
995742 1364162
996024 1364552
996306 1364932
996588 1365328
996870 1365718
997152 1366122
997434 1366520
997716 1366892
997998 1367266
998280 1367646
998562 1368020
998844 1368410
999126 1368798
999408 1369188
999690 1369576
999972 1369968
1000254 1370352
1000536 1370744
1000818 1371126
1001100 1371498
1001382 1371882
1001664 1372266
1001946 1372650
1002228 1373022
1002510 1373410
1002792 1373796
1003074 1374190
1003356 1374582
1003638 1374962
1003920 1375350
1004202 1375724
1004484 1376116
1004766 1376496
1005048 1376870
1005330 1377260
1005612 1377638
1005894 1378036
1006176 1378422
1006458 1378806
1006740 1379206
1007022 1379600
1007304 1379984
1007586 1380366
1007868 1380756
1008150 1381138
1008432 1381522
1008714 1381890
1008996 1382270
1009278 1382658
1009560 1383050
1009842 1383442
1010124 1383830
1010406 1384214
1010688 1384606
1010970 1384998
1011252 1385386
1011534 1385760
1011816 1386148
1012098 1386516
1012380 1386886
1012662 1387278
1012944 1387660
1013226 1388044
1013508 1388440
1013790 1388806
1014072 1389186
1014354 1389552
1014636 1389928
1014918 1390328
1015200 1390724
1015482 1391134
1015764 1391522
1016046 1391900
1016328 1392288
1016610 1392672
1016892 1393050
1017174 1393430
1017456 1393798
1017738 1394182
1018020 1394570
1018302 1394952
1018584 1395354
1018866 1395732
1019148 1396120
1019430 1396524
1019712 1396898
1019994 1397302
1020276 1397690
1020558 1398070
1020840 1398454
1021122 1398830
1021404 1399220
1021686 1399614
1021968 1400000
1022250 1400378
1022532 1400758
1022814 1401134
1023096 1401524
1023378 1401906
1023660 1402298
1023942 1402690
1024224 1403070
1024506 1403468
1024788 1403836
1025070 1404228
1025352 1404620
1025634 1404988
1025916 1405370
1026198 1405750
1026480 1406134
1026762 1406538
1027044 1406934
1027326 1407346
1027608 1407736
1027890 1408106
1028172 1408490
1028454 1408866
1028736 1409266
1029018 1409654
1029300 1410054
1029582 1410440
1029864 1410814
1030146 1411192
1030428 1411586
1030710 1411984
1030992 1412366
1031274 1412752
1031556 1413140
1031838 1413540
1032120 1413902
1032402 1414276
1032684 1414664
1032966 1415028
1033248 1415424
1033530 1415824
1033812 1416198
1034094 1416586
1034376 1416982
1034658 1417358
1034940 1417756
1035222 1418148
1035504 1418530
1035786 1418920
1036068 1419320
1036350 1419702
1036632 1420072
1036914 1420454
1037196 1420832
1037478 1421222
1037760 1421600
1038042 1421998
1038324 1422390
1038606 1422782
1038888 1423176
1039170 1423568
1039452 1423944
1039734 1424320
1040016 1424714
1040298 1425096
1040580 1425488
1040862 1425870
1041144 1426266
1041426 1426668
1041708 1427072
1041990 1427460
1042272 1427842
1042554 1428246
1042836 1428636
1043118 1429028
1043400 1429410
1043682 1429808
1043964 1430202
1044246 1430586
1044528 1430982
1044810 1431378
1045092 1431764
1045374 1432150
1045656 1432548
1045938 1432924
1046220 1433320
1046502 1433708
1046784 1434102
1047066 1434488
1047348 1434854
1047630 1435242
1047912 1435618
1048194 1436006
1048476 1436386
1048758 1436756
1049040 1437158
1049322 1437534
1049604 1437938
1049886 1438324
1050168 1438702
1050450 1439082
1050732 1439478
1051014 1439882
1051296 1440274
1051578 1440688
1051860 1441082
1052142 1441474
1052424 1441858
1052706 1442246
1052988 1442634
1053270 1443032
1053552 1443426
1053834 1443802
1054116 1444196
1054398 1444588
1054680 1444970
1054962 1445356
1055244 1445738
1055526 1446102
1055808 1446498
1056090 1446902
1056372 1447292
1056654 1447660
1056936 1448060
1057218 1448448
1057500 1448842
1057782 1449230
1058064 1449620
1058346 1449996
1058628 1450386
1058910 1450770
1059192 1451148
1059474 1451542
1059756 1451944
1060038 1452314
1060320 1452686
1060602 1453076
1060884 1453462
1061166 1453854
1061448 1454246
1061730 1454648
1062012 1455040
1062294 1455416
1062576 1455804
1062858 1456174
1063140 1456548
1063422 1456932
1063704 1457322
1063986 1457698
1064268 1458066
1064550 1458460
1064832 1458852
1065114 1459236
1065396 1459608
1065678 1460008
1065960 1460394
1066242 1460772
1066524 1461154
1066806 1461524
1067088 1461912
1067370 1462286
1067652 1462672
1067934 1463060
1068216 1463444
1068498 1463842
1068780 1464224
1069062 1464596
1069344 1465004
1069626 1465380
1069908 1465766
1070190 1466152
1070472 1466530
1070754 1466930
1071036 1467328
1071318 1467708
1071600 1468096
1071882 1468490
1072164 1468874
1072446 1469256
1072728 1469642
1073010 1470026
1073292 1470398
1073574 1470780
1073856 1471170
1074138 1471542
1074420 1471926
1074702 1472270
1074984 1472650
1075266 1473038
1075548 1473424
1075830 1473820
1076112 1474210
1076394 1474590
1076676 1474978
1076958 1475364
1077240 1475740
1077522 1476132
1077804 1476510
1078086 1476886
1078368 1477282
1078650 1477656
1078932 1478062
1079214 1478450
1079496 1478830
1079778 1479204
1080060 1479598
1080342 1479974
1080624 1480362
1080906 1480754
1081188 1481128
1081470 1481506
1081752 1481892
1082034 1482284
1082316 1482682
1082598 1483076
1082880 1483456
1083162 1483844
1083444 1484240
1083726 1484612
1084008 1485000
1084290 1485382
1084572 1485758
1084854 1486150
1085136 1486528
1085418 1486928
1085700 1487306
1085982 1487700
1086264 1488080
1086546 1488470
1086828 1488844
1087110 1489230
1087392 1489614
1087674 1489986
1087956 1490356
1088238 1490732
1088520 1491134
1088802 1491516
1089084 1491904
1089366 1492298
1089648 1492690
1089930 1493060
1090212 1493454
1090494 1493836
1090776 1494226
1091058 1494626
1091340 1495000
1091622 1495400
1091904 1495792
1092186 1496180
1092468 1496560
1092750 1496932
1093032 1497300
1093314 1497690
1093596 1498080
1093878 1498448
1094160 1498838
1094442 1499226
1094724 1499608
1095006 1499998
1095288 1500372
1095570 1500760
1095852 1501144
1096134 1501534
1096416 1501906
1096698 1502288
1096980 1502674
1097262 1503046
1097544 1503448
1097826 1503818
1098108 1504190
1098390 1504586
1098672 1504974
1098954 1505364
1099236 1505744
1099518 1506130
1099800 1506504
1100082 1506884
1100364 1507272
1100646 1507656
1100928 1508048
1101210 1508434
1101492 1508816
1101774 1509206
1102056 1509584
1102338 1509964
1102620 1510342
1102902 1510712
1103184 1511106
1103466 1511494
1103748 1511878
1104030 1512274
1104312 1512656
1104594 1513034
1104876 1513426
1105158 1513824
1105440 1514216
1105722 1514604
1106004 1515002
1106286 1515388
1106568 1515792
1106850 1516180
1107132 1516554
1107414 1516946
1107696 1517336
1107978 1517736
1108260 1518114
1108542 1518484
1108824 1518876
1109106 1519274
1109388 1519656
1109670 1520046
1109952 1520424
1110234 1520822
1110516 1521200
1110798 1521576
1111080 1521966
1111362 1522358
1111644 1522740
1111926 1523150
1112208 1523538
1112490 1523934
1112772 1524316
1113054 1524702
1113336 1525092
1113618 1525468
1113900 1525856
1114182 1526236
1114464 1526620
1114746 1527002
1115028 1527386
1115310 1527776
1115592 1528164
1115874 1528558
1116156 1528956
1116438 1529324
1116720 1529710
1117002 1530098
1117284 1530468
1117566 1530858
1117848 1531238
1118130 1531608
1118412 1531994
1118694 1532362
1118976 1532768
1119258 1533144
1119540 1533542
1119822 1533934
1120104 1534318
1120386 1534722
1120668 1535120
1120950 1535492
1121232 1535868
1121514 1536244
1121796 1536632
1122078 1537016
1122360 1537402
1122642 1537792
1122924 1538158
1123206 1538558
1123488 1538960
1123770 1539346
1124052 1539738
1124334 1540112
1124616 1540496
1124898 1540880
1125180 1541256
1125462 1541650
1125744 1542018
1126026 1542410
1126308 1542798
1126590 1543202
1126872 1543582
1127154 1543964
1127436 1544344
1127718 1544734
1128000 1545134
1128282 1545526
1128564 1545900
1128846 1546288
1129128 1546660
1129410 1547032
1129692 1547420
1129974 1547802
1130256 1548174
1130538 1548560
1130820 1548954
1131102 1549362
1131384 1549732
1131666 1550106
1131948 1550492
1132230 1550878
1132512 1551252
1132794 1551642
1133076 1552024
1133358 1552396
1133640 1552798
1133922 1553174
1134204 1553544
1134486 1553934
1134768 1554308
1135050 1554686
1135332 1555070
1135614 1555460
1135896 1555848
1136178 1556236
1136460 1556610
1136742 1557004
1137024 1557370
1137306 1557776
1137588 1558172
1137870 1558564
1138152 1558966
1138434 1559348
1138716 1559730
1138998 1560110
1139280 1560488
1139562 1560874
1139844 1561254
1140126 1561632
1140408 1562022
1140690 1562410
1140972 1562806
1141254 1563208
1141536 1563604
1141818 1563988
1142100 1564374
1142382 1564766
1142664 1565142
1142946 1565526
1143228 1565924
1143510 1566298
1143792 1566676
1144074 1567050
1144356 1567428
1144638 1567800
1144920 1568172
1145202 1568574
1145484 1568950
1145766 1569324
1146048 1569718
1146330 1570104
1146612 1570486
1146894 1570874
1147176 1571258
1147458 1571654
1147740 1572040
1148022 1572424
1148304 1572820
1148586 1573210
1148868 1573604
1149150 1573996
1149432 1574384
1149714 1574758
1149996 1575144
1150278 1575540
1150560 1575938
1150842 1576324
1151124 1576702
1151406 1577094
1151688 1577464
1151970 1577850
1152252 1578230
1152534 1578618
1152816 1579006
1153098 1579398
1153380 1579786
1153662 1580184
1153944 1580588
1154226 1580972
1154508 1581370
1154790 1581760
1155072 1582132
1155354 1582544
1155636 1582924
1155918 1583314
1156200 1583700
1156482 1584088
1156764 1584470
1157046 1584848
1157328 1585208
1157610 1585588
1157892 1585968
1158174 1586352
1158456 1586740
1158738 1587116
1159020 1587498
1159302 1587892
1159584 1588278
1159866 1588668
1160148 1589056
1160430 1589440
1160712 1589844
1160994 1590216
1161276 1590596
1161558 1590986
1161840 1591378
1162122 1591752
1162404 1592130
1162686 1592530
1162968 1592920
1163250 1593292
1163532 1593684
1163814 1594052
1164096 1594432
1164378 1594814
1164660 1595194
1164942 1595592
1165224 1595982
1165506 1596370
1165788 1596760
1166070 1597144
1166352 1597528
1166634 1597916
1166916 1598296
1167198 1598698
1167480 1599080
1167762 1599472
1168044 1599870
1168326 1600248
1168608 1600638
1168890 1601010
1169172 1601382
1169454 1601768
1169736 1602170
1170018 1602546
1170300 1602916
1170582 1603294
1170864 1603686
1171146 1604092
1171428 1604476
1171710 1604868
1171992 1605248
1172274 1605628
1172556 1606004
1172838 1606382
1173120 1606772
1173402 1607154
1173684 1607536
1173966 1607932
1174248 1608310
1174530 1608688
1174812 1609066
1175094 1609458
1175376 1609838
1175658 1610232
1175940 1610620
1176222 1610994
1176504 1611374
1176786 1611768
1177068 1612152
1177350 1612546
1177632 1612922
1177914 1613336
1178196 1613682
1178478 1614066
1178760 1614460
1179042 1614840
1179324 1615222
1179606 1615590
1179888 1615986
1180170 1616370
1180452 1616754
1180734 1617134
1181016 1617518
1181298 1617914
1181580 1618314
1181862 1618698
1182144 1619088
1182426 1619482
1182708 1619870
1182990 1620244
1183272 1620640
1183554 1621030
1183836 1621416
1184118 1621804
1184400 1622176
1184682 1622550
1184964 1622942
1185246 1623322
1185528 1623710
1185810 1624098
1186092 1624478
1186374 1624858
1186656 1625244
1186938 1625630
1187220 1626022
1187502 1626408
1187784 1626794
1188066 1627174
1188348 1627570
1188630 1627944
1188912 1628324
1189194 1628694
1189476 1629068
1189758 1629452
1190040 1629854
1190322 1630250
1190604 1630642
1190886 1631028
1191168 1631426
1191450 1631816
1191732 1632196
1192014 1632588
1192296 1632968
1192578 1633342
1192860 1633734
1193142 1634120
1193424 1634506
1193706 1634896
1193988 1635274
1194270 1635674
1194552 1636076
1194834 1636452
1195116 1636824
1195398 1637226
1195680 1637600
1195962 1637988
1196244 1638368
1196526 1638748
1196808 1639148
1197090 1639540
1197372 1639922
1197654 1640318
1197936 1640702
1198218 1641100
1198500 1641464
1198782 1641854
1199064 1642224
1199346 1642616
1199628 1643012
1199910 1643392
1200192 1643782
1200474 1644172
1200756 1644552
1201038 1644918
1201320 1645308
1201602 1645698
1201884 1646078
1202166 1646460
1202448 1646850
1202730 1647236
1203012 1647624
1203294 1648014
1203576 1648398
1203858 1648794
1204140 1649186
1204422 1649558
1204704 1649950
1204986 1650344
1205268 1650714
1205550 1651074
1205832 1651460
1206114 1651856
1206396 1652258
1206678 1652648
1206960 1653036
1207242 1653408
1207524 1653800
1207806 1654180
1208088 1654572
1208370 1654958
1208652 1655338
1208934 1655724
1209216 1656116
1209498 1656514
1209780 1656888
1210062 1657274
1210344 1657650
1210626 1658008
1210908 1658382
1211190 1658770
1211472 1659136
1211754 1659530
1212036 1659904
1212318 1660304
1212600 1660678
1212882 1661050
1213164 1661436
1213446 1661828
1213728 1662216
1214010 1662604
1214292 1662984
1214574 1663370
1214856 1663770
1215138 1664158
1215420 1664552
1215702 1664936
1215984 1665312
1216266 1665704
1216548 1666100
1216830 1666488
1217112 1666870
1217394 1667256
1217676 1667632
1217958 1668030
1218240 1668430
1218522 1668826
1218804 1669224
1219086 1669590
1219368 1669974
1219650 1670366
1219932 1670766
1220214 1671154
1220496 1671560
1220778 1671942
1221060 1672334
1221342 1672726
1221624 1673100
1221906 1673500
1222188 1673890
1222470 1674288
1222752 1674676
1223034 1675044
1223316 1675438
1223598 1675814
1223880 1676200
1224162 1676598
1224444 1676992
1224726 1677374
1225008 1677754
1225290 1678144
1225572 1678530
1225854 1678916
1226136 1679294
1226418 1679670
1226700 1680056
1226982 1680456
1227264 1680850
1227546 1681226
1227828 1681618
1228110 1682014
1228392 1682388
1228674 1682772
1228956 1683130
1229238 1683510
1229520 1683896
1229802 1684278
1230084 1684658
1230366 1685036
1230648 1685416
1230930 1685804
1231212 1686174
1231494 1686562
1231776 1686954
1232058 1687360
1232340 1687754
1232622 1688136
1232904 1688526
1233186 1688912
1233468 1689294
1233750 1689668
1234032 1690050
1234314 1690446
1234596 1690836
1234878 1691234
1235160 1691618
1235442 1692012
1235724 1692414
1236006 1692804
1236288 1693194
1236570 1693582
1236852 1693968
1237134 1694354
1237416 1694740
1237698 1695130
1237980 1695512
1238262 1695900
1238544 1696278
1238826 1696664
1239108 1697060
1239390 1697444
1239672 1697828
1239954 1698218
1240236 1698608
1240518 1698984
1240800 1699370
1241082 1699748
1241364 1700148
1241646 1700534
1241928 1700932
1242210 1701336
1242492 1701716
1242774 1702102
1243056 1702500
1243338 1702886
1243620 1703276
1243902 1703674
1244184 1704054
1244466 1704456
1244748 1704858
1245030 1705248
1245312 1705620
1245594 1705994
1245876 1706390
1246158 1706782
1246440 1707158
1246722 1707524
1247004 1707914
1247286 1708306
1247568 1708692
1247850 1709074
1248132 1709446
1248414 1709852
1248696 1710240
1248978 1710626
1249260 1711006
1249542 1711396
1249824 1711786
1250106 1712186
1250388 1712566
1250670 1712926
1250952 1713318
1251234 1713710
1251516 1714090
1251798 1714478
1252080 1714876
1252362 1715252
1252644 1715646
1252926 1716038
1253208 1716430
1253490 1716826
1253772 1717194
1254054 1717580
1254336 1717976
1254618 1718342
1254900 1718734
1255182 1719122
1255464 1719508
1255746 1719892
1256028 1720274
1256310 1720684
1256592 1721084
1256874 1721470
1257156 1721880
1257438 1722260
1257720 1722646
1258002 1723048
1258284 1723444
1258566 1723826
1258848 1724198
1259130 1724568
1259412 1724954
1259694 1725346
1259976 1725746
1260258 1726136
1260540 1726512
1260822 1726900
1261104 1727290
1261386 1727694
1261668 1728092
1261950 1728482
1262232 1728838
1262514 1729212
1262796 1729600
1263078 1729986
1263360 1730376
1263642 1730770
1263924 1731170
1264206 1731560
1264488 1731946
1264770 1732344
1265052 1732730
1265334 1733104
1265616 1733494
1265898 1733894
1266180 1734288
1266462 1734670
1266744 1735042
1267026 1735434
1267308 1735814
1267590 1736198
1267872 1736578
1268154 1736964
1268436 1737350
1268718 1737718
1269000 1738116
1269282 1738492
1269564 1738868
1269846 1739276
1270128 1739664
1270410 1740062
1270692 1740434
1270974 1740818
1271256 1741200
1271538 1741568
1271820 1741948
1272102 1742332
1272384 1742726
1272666 1743116
1272948 1743512
1273230 1743894
1273512 1744254
1273794 1744620
1274076 1744992
1274358 1745400
1274640 1745794
1274922 1746168
1275204 1746552
1275486 1746926
1275768 1747308
1276050 1747672
1276332 1748040
1276614 1748452
1276896 1748836
1277178 1749224
1277460 1749604
1277742 1750000
1278024 1750382
1278306 1750774
1278588 1751162
1278870 1751546
1279152 1751924
1279434 1752306
1279716 1752708
1279998 1753092
1280280 1753480
1280562 1753848
1280844 1754234
1281126 1754624
1281408 1755012
1281690 1755412
1281972 1755806
1282254 1756182
1282536 1756588
1282818 1756986
1283100 1757374
1283382 1757776
1283664 1758158
1283946 1758550
1284228 1758938
1284510 1759336
1284792 1759726
1285074 1760116
1285356 1760504
1285638 1760882
1285920 1761254
1286202 1761636
1286484 1762010
1286766 1762398
1287048 1762778
1287330 1763154
1287612 1763542
1287894 1763956
1288176 1764336
1288458 1764728
1288740 1765130
1289022 1765522
1289304 1765902
1289586 1766294
1289868 1766676
1290150 1767056
1290432 1767448
1290714 1767836
1290996 1768222
1291278 1768614
1291560 1769008
1291842 1769372
1292124 1769752
1292406 1770122
1292688 1770524
1292970 1770898
1293252 1771302
1293534 1771688
1293816 1772090
1294098 1772476
1294380 1772862
1294662 1773232
1294944 1773610
1295226 1774014
1295508 1774418
1295790 1774788
1296072 1775176
1296354 1775562
1296636 1775964
1296918 1776340
1297200 1776724
1297482 1777118
1297764 1777500
1298046 1777906
1298328 1778286
1298610 1778674
1298892 1779052
1299174 1779446
1299456 1779836
1299738 1780220
1300020 1780612
1300302 1781014
1300584 1781392
1300866 1781792
1301148 1782174
1301430 1782568
1301712 1782960
1301994 1783352
1302276 1783726
1302558 1784110
1302840 1784488
1303122 1784878
1303404 1785244
1303686 1785630
1303968 1786024
1304250 1786408
1304532 1786796
1304814 1787188
1305096 1787590
1305378 1787972
1305660 1788350
1305942 1788742
1306224 1789116
1306506 1789504
1306788 1789898
1307070 1790280
1307352 1790662
1307634 1791068
1307916 1791452
1308198 1791844
1308480 1792220
1308762 1792612
1309044 1792988
1309326 1793368
1309608 1793760
1309890 1794158
1310172 1794536
1310454 1794922
1310736 1795304
1311018 1795684
1311300 1796070
1311582 1796442
1311864 1796834
1312146 1797218
1312428 1797602
1312710 1797994
1312992 1798386
1313274 1798764
1313556 1799156
1313838 1799520
1314120 1799916
1314402 1800294
1314684 1800662
1314966 1801036
1315248 1801418
1315530 1801800
1315812 1802194
1316094 1802574
1316376 1802956
1316658 1803334
1316940 1803734
1317222 1804120
1317504 1804508
1317786 1804894
1318068 1805280
1318350 1805656
1318632 1806042
1318914 1806426
1319196 1806816
1319478 1807202
1319760 1807568
1320042 1807950
1320324 1808344
1320606 1808732
1320888 1809124
1321170 1809518
1321452 1809904
1321734 1810284
1322016 1810678
1322298 1811078
1322580 1811458
1322862 1811844
1323144 1812230
1323426 1812600
1323708 1813000
1323990 1813360
1324272 1813738
1324554 1814128
1324836 1814506
1325118 1814906
1325400 1815302
1325682 1815680
1325964 1816070
1326246 1816468
1326528 1816864
1326810 1817240
1327092 1817608
1327374 1817986
1327656 1818372
1327938 1818770
1328220 1819148
1328502 1819544
1328784 1819910
1329066 1820322
1329348 1820718
1329630 1821116
1329912 1821518
1330194 1821900
1330476 1822282
1330758 1822670
1331040 1823074
1331322 1823466
1331604 1823854
1331886 1824244
1332168 1824620
1332450 1825010
1332732 1825390
1333014 1825786
1333296 1826158
1333578 1826536
1333860 1826920
1334142 1827320
1334424 1827712
1334706 1828098
1334988 1828494
1335270 1828872
1335552 1829274
1335834 1829688
1336116 1830058
1336398 1830438
1336680 1830806
1336962 1831188
1337244 1831572
1337526 1831948
1337808 1832328
1338090 1832712
1338372 1833100
1338654 1833478
1338936 1833854
1339218 1834246
1339500 1834634
1339782 1835034
1340064 1835408
1340346 1835786
1340628 1836182
1340910 1836576
1341192 1836968
1341474 1837346
1341756 1837720
1342038 1838090
1342320 1838476
1342602 1838860
1342884 1839250
1343166 1839630
1343448 1840002
1343730 1840368
1344012 1840760
1344294 1841160
1344576 1841546
1344858 1841952
1345140 1842330
1345422 1842710
1345704 1843074
1345986 1843458
1346268 1843834
1346550 1844216
1346832 1844616
1347114 1845016
1347396 1845400
1347678 1845802
1347960 1846182
1348242 1846584
1348524 1846974
1348806 1847360
1349088 1847744
1349370 1848126
1349652 1848504
1349934 1848906
1350216 1849304
1350498 1849696
1350780 1850084
1351062 1850482
1351344 1850844
1351626 1851238
1351908 1851628
1352190 1851996
1352472 1852382
1352754 1852756
1353036 1853136
1353318 1853520
1353600 1853908
1353882 1854294
1354164 1854670
1354446 1855048
1354728 1855430
1355010 1855796
1355292 1856198
1355574 1856594
1355856 1856978
1356138 1857368
1356420 1857766
1356702 1858154
1356984 1858544
1357266 1858938
1357548 1859314
1357830 1859692
1358112 1860086
1358394 1860472
1358676 1860852
1358958 1861238
1359240 1861616
1359522 1862006
1359804 1862386
1360086 1862778
1360368 1863150
1360650 1863544
1360932 1863950
1361214 1864330
1361496 1864704
1361778 1865100
1362060 1865486
1362342 1865870
1362624 1866256
1362906 1866634
1363188 1867014
1363470 1867396
1363752 1867792
1364034 1868186
1364316 1868572
1364598 1868952
1364880 1869322
1365162 1869698
1365444 1870092
1365726 1870472
1366008 1870852
1366290 1871238
1366572 1871638
1366854 1872024
1367136 1872424
1367418 1872822
1367700 1873220
1367982 1873608
1368264 1873980
1368546 1874370
1368828 1874762
1369110 1875146
1369392 1875532
1369674 1875916
1369956 1876298
1370238 1876698
1370520 1877088
1370802 1877452
1371084 1877842
1371366 1878224
1371648 1878634
1371930 1879014
1372212 1879402
1372494 1879770
1372776 1880158
1373058 1880544
1373340 1880918
1373622 1881302
1373904 1881696
1374186 1882072
1374468 1882436
1374750 1882802
1375032 1883198
1375314 1883598
1375596 1883984
1375878 1884356
1376160 1884738
1376442 1885142
1376724 1885538
1377006 1885936
1377288 1886320
1377570 1886714
1377852 1887106
1378134 1887486
1378416 1887872
1378698 1888258
1378980 1888652
1379262 1889038
1379544 1889428
1379826 1889816
1380108 1890198
1380390 1890582
1380672 1890964
1380954 1891354
1381236 1891750
1381518 1892136
1381800 1892532
1382082 1892920
1382364 1893302
1382646 1893680
1382928 1894046
1383210 1894412
1383492 1894800
1383774 1895204
1384056 1895592
1384338 1895962
1384620 1896346
1384902 1896724
1385184 1897104
1385466 1897498
1385748 1897894
1386030 1898282
1386312 1898676
1386594 1899048
1386876 1899420
1387158 1899806
1387440 1900176
1387722 1900564
1388004 1900956
1388286 1901362
1388568 1901754
1388850 1902136
1389132 1902514
1389414 1902918
1389696 1903298
1389978 1903674
1390260 1904040
1390542 1904424
1390824 1904810
1391106 1905178
1391388 1905560
1391670 1905946
1391952 1906312
1392234 1906678
1392516 1907072
1392798 1907464
1393080 1907852
1393362 1908238
1393644 1908612
1393926 1908984
1394208 1909376
1394490 1909762
1394772 1910164
1395054 1910558
1395336 1910954
1395618 1911344
1395900 1911722
1396182 1912110
1396464 1912498
1396746 1912886
1397028 1913284
1397310 1913668
1397592 1914040
1397874 1914438
1398156 1914826
1398438 1915216
1398720 1915614
1399002 1916008
1399284 1916400
1399566 1916784
1399848 1917156
1400130 1917546
1400412 1917926
1400694 1918308
1400976 1918704
1401258 1919094
1401540 1919480
1401822 1919870
1402104 1920266
1402386 1920644
1402668 1921004
1402950 1921392
1403232 1921770
1403514 1922162
1403796 1922546
1404078 1922942
1404360 1923324
1404642 1923710
1404924 1924094
1405206 1924488
1405488 1924862
1405770 1925260
1406052 1925646
1406334 1926044
1406616 1926416
1406898 1926808
1407180 1927182
1407462 1927562
1407744 1927946
1408026 1928338
1408308 1928736
1408590 1929124
1408872 1929512
1409154 1929892
1409436 1930284
1409718 1930672
1410000 1931050
