nlogn tri_tas
0 0
0 0
2 0
4 2
8 6
11 9
15 13
19 16
24 23
28 28
33 34
38 41
43 47
48 52
53 60
58 65
64 74
69 82
75 90
80 96
86 106
92 114
98 120
104 127
110 137
116 145
122 155
128 162
134 170
140 178
147 188
153 195
160 205
166 216
172 224
179 234
186 243
192 256
199 266
206 271
212 284
219 296
226 305
233 311
240 323
247 332
254 344
261 355
268 365
275 374
282 385
289 395
296 404
303 417
310 427
317 437
325 448
332 460
339 470
347 478
354 489
361 498
369 511
376 519
384 533
391 543
398 557
406 567
413 578
421 590
429 603
436 612
444 625
451 638
459 651
467 663
474 673
482 687
490 695
497 706
505 718
513 731
521 747
529 756
536 767
544 781
552 794
560 807
568 819
576 830
584 844
592 853
600 866
608 877
616 890
624 904
632 917
640 930
648 940
656 955
664 967
672 980
680 987
688 998
696 1015
704 1028
713 1041
721 1050
729 1067
737 1073
745 1085
754 1102
762 1116
770 1124
778 1137
787 1155
795 1160
803 1175
812 1190
820 1200
828 1213
837 1226
845 1236
853 1253
862 1263
870 1278
879 1287
887 1300
896 1316
904 1327
912 1346
921 1357
929 1369
938 1383
946 1400
955 1407
963 1427
972 1436
980 1448
989 1464
998 1480
1006 1489
1015 1508
1023 1518
1032 1535
1041 1547
1049 1563
1058 1573
1066 1586
1075 1598
1084 1616
1092 1628
1101 1639
1110 1654
1119 1672
1127 1684
1136 1697
1145 1712
1153 1726
1162 1741
1171 1752
1180 1771
1189 1784
1197 1794
1206 1808
1215 1825
1224 1840
1233 1852
1241 1867
1250 1880
1259 1895
1268 1906
1277 1930
1286 1931
1295 1952
1303 1962
1312 1982
1321 1997
1330 2003
1339 2022
1348 2036
1357 2053
1366 2063
1375 2081
1384 2096
1393 2106
1402 2116
1411 2139
1420 2155
1429 2162
1438 2177
1447 2192
1456 2208
1465 2218
1474 2238
1483 2245
1492 2266
1501 2284
1510 2295
1519 2306
1528 2324
1537 2338
1546 2350
1556 2362
1565 2379
1574 2389
1583 2410
1592 2421
1601 2427
1610 2451
1619 2468
1629 2475
1638 2495
1647 2508
1656 2522
1665 2533
1675 2551
1684 2563
1693 2582
1702 2589
1711 2605
1721 2622
1730 2642
1739 2654
1748 2669
1758 2683
1767 2694
1776 2710
1785 2729
1795 2736
1804 2761
1813 2771
1823 2780
1832 2799
1841 2811
1850 2823
1860 2845
1869 2858
1878 2878
1888 2888
1897 2896
1907 2916
1916 2933
1925 2944
1935 2956
1944 2975
1953 2992
1963 3003
1972 3014
1982 3029
1991 3047
2000 3065
2010 3078
2019 3088
2029 3099
2038 3120
2048 3137
2057 3154
2066 3163
2076 3181
2085 3203
2095 3210
2104 3229
2114 3248
2123 3265
2133 3274
2142 3296
2152 3307
2161 3322
2171 3336
2180 3349
2190 3366
2199 3384
2209 3401
2218 3409
2228 3429
2237 3447
2247 3457
2257 3476
2266 3502
2276 3505
2285 3528
2295 3539
2304 3553
2314 3577
2324 3588
2333 3604
2343 3617
2352 3635
2362 3642
2372 3670
2381 3685
2391 3693
2401 3714
2410 3731
2420 3745
2429 3758
2439 3778
2449 3795
2458 3804
2468 3822
2478 3837
2487 3863
2497 3868
2507 3885
2517 3902
2526 3915
2536 3929
2546 3954
2555 3966
2565 3987
2575 3996
2585 4018
2594 4029
2604 4046
2614 4073
2623 4080
2633 4097
2643 4105
2653 4125
2663 4144
2672 4151
2682 4169
2692 4193
2702 4204
2711 4224
2721 4233
2731 4251
2741 4275
2751 4276
2760 4299
2770 4318
2780 4334
2790 4352
2800 4359
2809 4385
2819 4394
2829 4412
2839 4436
2849 4442
2859 4460
2869 4478
2878 4492
2888 4505
2898 4522
2908 4544
2918 4561
2928 4571
2938 4589
2948 4608
2957 4625
2967 4637
2977 4657
2987 4668
2997 4691
3007 4694
3017 4722
3027 4736
3037 4749
3047 4769
3057 4792
3067 4794
3076 4819
3086 4821
3096 4846
3106 4861
3116 4888
3126 4886
3136 4919
3146 4936
3156 4946
3166 4963
3176 4980
3186 4991
3196 5009
3206 5027
3216 5038
3226 5057
3236 5075
3246 5088
3256 5104
3266 5126
3276 5145
3286 5153
3296 5173
3306 5195
3316 5208
3326 5226
3336 5253
3346 5250
3356 5275
3366 5292
3376 5297
3387 5316
3397 5341
3407 5352
3417 5370
3427 5386
3437 5401
3447 5410
3457 5437
3467 5454
3477 5467
3487 5482
3497 5506
3508 5517
3518 5539
3528 5553
3538 5570
3548 5583
3558 5593
3568 5611
3578 5633
3588 5646
3599 5664
3609 5679
3619 5701
3629 5714
3639 5736
3649 5750
3659 5768
3670 5779
3680 5803
3690 5809
3700 5831
3710 5843
3720 5862
3731 5873
3741 5899
3751 5910
3761 5929
3771 5937
3782 5951
3792 5973
3802 5996
3812 6012
3822 6030
3833 6041
3843 6058
3853 6080
3863 6093
3874 6110
3884 6124
3894 6142
3904 6162
3914 6170
3925 6190
3935 6208
3945 6219
3955 6232
3966 6260
3976 6285
3986 6292
3996 6303
4007 6319
4017 6343
4027 6355
4038 6378
4048 6393
4058 6409
4068 6424
4079 6440
4089 6453
4099 6471
4110 6490
4120 6512
4130 6526
4141 6538
4151 6559
4161 6574
4171 6597
4182 6607
4192 6616
4202 6638
4213 6662
4223 6670
4233 6687
4244 6700
4254 6715
4264 6739
4275 6757
4285 6770
4296 6780
4306 6815
4316 6826
4327 6836
4337 6860
4347 6866
4358 6894
4368 6904
4378 6920
4389 6939
4399 6953
4410 6966
4420 6989
4430 7006
4441 7018
4451 7036
4462 7054
4472 7070
4482 7091
4493 7101
4503 7121
4514 7143
4524 7154
4534 7164
4545 7177
4555 7206
4566 7214
4576 7233
4587 7254
4597 7264
4608 7290
4618 7300
4628 7328
4639 7326
4649 7353
4660 7380
4670 7383
4681 7405
4691 7428
4702 7451
4712 7465
4723 7480
4733 7497
4743 7513
4754 7533
4764 7539
4775 7570
4785 7578
4796 7598
4806 7620
4817 7632
4827 7657
4838 7678
4848 7683
4859 7704
4869 7724
4880 7751
4890 7760
4901 7781
4912 7796
4922 7813
4933 7832
4943 7855
4954 7862
4964 7881
4975 7894
4985 7926
4996 7923
5006 7948
5017 7971
5027 7985
5038 8004
5049 8023
5059 8041
5070 8076
5080 8067
5091 8099
5101 8112
5112 8133
5122 8145
5133 8169
5144 8176
5154 8204
5165 8214
5175 8236
5186 8253
5197 8276
5207 8282
5218 8309
5228 8320
5239 8341
5250 8349
5260 8376
5271 8384
5281 8416
5292 8426
5303 8447
5313 8451
5324 8482
5334 8493
5345 8519
5356 8536
5366 8551
5377 8567
5388 8600
5398 8606
5409 8634
5420 8643
5430 8662
5441 8676
5451 8699
5462 8718
5473 8737
5483 8751
5494 8766
5505 8784
5515 8799
5526 8818
5537 8838
5547 8861
5558 8882
5569 8886
5579 8911
5590 8930
5601 8951
5612 8953
5622 8980
5633 8994
5644 9018
5654 9039
5665 9058
5676 9072
5686 9087
5697 9103
5708 9133
5719 9145
5729 9162
5740 9174
5751 9197
5761 9221
5772 9233
5783 9249
5794 9259
5804 9289
5815 9301
5826 9331
5837 9336
5847 9357
5858 9370
5869 9394
5879 9407
5890 9417
5901 9442
5912 9467
5922 9485
5933 9496
5944 9523
5955 9533
5966 9560
5976 9563
5987 9583
5998 9608
6009 9636
6019 9651
6030 9660
6041 9692
6052 9703
6063 9721
6073 9731
6084 9759
6095 9779
6106 9793
6116 9809
6127 9823
6138 9837
6149 9862
6160 9882
6170 9897
6181 9908
6192 9944
6203 9954
6214 9963
6225 9992
6235 10000
6246 10017
6257 10039
6268 10055
6279 10072
6289 10093
6300 10113
6311 10132
6322 10154
6333 10166
6344 10187
6354 10206
6365 10221
6376 10245
6387 10257
6398 10273
6409 10287
6420 10311
6430 10328
6441 10348
6452 10364
6463 10399
6474 10405
6485 10418
6496 10446
6507 10454
6517 10479
6528 10495
6539 10510
6550 10525
6561 10546
6572 10565
6583 10588
6594 10609
6604 10617
6615 10636
6626 10657
6637 10666
6648 10696
6659 10712
6670 10719
6681 10755
6692 10759
6703 10782
6713 10793
6724 10813
6735 10831
6746 10860
6757 10880
6768 10898
6779 10910
6790 10923
6801 10948
6812 10955
6823 10979
6834 11001
6845 11018
6856 11041
6866 11055
6877 11079
6888 11098
6899 11124
6910 11114
6921 11145
6932 11153
6943 11177
6954 11199
6965 11221
6976 11238
6987 11254
6998 11268
7009 11304
7020 11301
7031 11331
7042 11344
7053 11376
7064 11382
7075 11392
7086 11423
7097 11436
7108 11464
7119 11475
7130 11493
7141 11510
7152 11519
7163 11543
7174 11558
7185 11582
7196 11600
7207 11618
7218 11638
7229 11660
7240 11672
7251 11691
7262 11709
7273 11741
7284 11744
7295 11769
7306 11782
7317 11798
7328 11821
7339 11841
7350 11857
7361 11875
7372 11896
7383 11917
7394 11932
7405 11951
7416 11965
7427 11974
7438 12005
7449 12018
7460 12033
7471 12072
7482 12082
7493 12106
7504 12124
7515 12129
7526 12148
7537 12166
7548 12196
7560 12203
7571 12224
7582 12241
7593 12250
7604 12277
7615 12307
7626 12310
7637 12328
7648 12346
7659 12372
7670 12379
7681 12410
7692 12428
7703 12436
7715 12457
7726 12490
7737 12496
7748 12523
7759 12533
7770 12557
7781 12572
7792 12597
7803 12614
7814 12619
7826 12646
7837 12666
7848 12681
7859 12689
7870 12716
7881 12731
7892 12751
7903 12777
7914 12795
7926 12817
7937 12826
7948 12848
7959 12868
7970 12885
7981 12913
7992 12924
8003 12934
8015 12956
8026 12985
8037 12994
8048 13007
8059 13027
8070 13049
8081 13066
8093 13079
8104 13102
8115 13128
8126 13149
8137 13163
8148 13161
8159 13209
8171 13217
8182 13239
8193 13255
8204 13270
8215 13293
8226 13312
8238 13324
8249 13346
8260 13359
8271 13386
8282 13416
8293 13424
8305 13438
8316 13466
8327 13478
8338 13496
8349 13502
8361 13527
8372 13544
8383 13569
8394 13583
8405 13603
8417 13622
8428 13638
8439 13658
8450 13678
8461 13703
8473 13716
8484 13727
8495 13756
8506 13776
8517 13794
8529 13807
8540 13827
8551 13846
8562 13858
8573 13875
8585 13901
8596 13923
8607 13928
8618 13960
8630 13975
8641 13999
8652 14011
8663 14026
8674 14046
8686 14064
8697 14071
8708 14093
8719 14113
8731 14140
8742 14148
8753 14175
8764 14196
8776 14209
8787 14233
8798 14251
8809 14284
8821 14286
8832 14295
8843 14332
8854 14349
8866 14362
8877 14385
8888 14390
8899 14425
8911 14439
8922 14458
8933 14468
8945 14491
8956 14513
8967 14528
8978 14545
8990 14561
9001 14567
9012 14603
9023 14621
9035 14640
9046 14650
9057 14691
9069 14693
9080 14721
9091 14732
9103 14745
9114 14768
9125 14785
9136 14815
9148 14830
9159 14843
9170 14855
9182 14875
9193 14902
9204 14922
9216 14929
9227 14956
9238 14985
9249 14993
9261 15011
9272 15022
9283 15047
9295 15071
9306 15085
9317 15109
9329 15114
9340 15139
9351 15166
9363 15182
9374 15208
9385 15212
9397 15250
9408 15254
9419 15271
9431 15289
9442 15314
9453 15328
9465 15351
9476 15366
9487 15388
9499 15408
9510 15430
9521 15422
9533 15445
9544 15472
9556 15488
9567 15508
9578 15518
9590 15540
9601 15571
9612 15596
9624 15599
9635 15619
9646 15646
9658 15662
9669 15685
9681 15693
9692 15714
9703 15733
9715 15762
9726 15772
9737 15788
9749 15813
9760 15836
9772 15852
9783 15862
9794 15891
9806 15907
9817 15920
9828 15946
9840 15966
9851 15985
9863 15996
9874 16028
9885 16044
9897 16054
9908 16066
9920 16092
9931 16111
9942 16129
9954 16140
