13
25
39
52
66
78
90
103
116
130
142
155
168
180
194
207
220
232
244
257
270
283
297
311
324
337
351
365
379
393
405
418
432
445
457
469
483
495
507
521
534
546
558
570
582
596
608
622
634
645
657
669
683
694
707
720
731
745
756
769
782
795
806
816
830
844
857
870
883
896
909
923
936
950
963
976
988
1002
1015
1028
1040
1052
1064
1078
1091
1104
1115
1128
1140
1154
1164
1178
1190
1201
1213
1226
1239
1252
1265
1279
1293
1306
1320
1333
1346
1357
1370
1383
1397
1411
1423
1436
1450
1463
1476
1490
1503
1516
1530
1543
1557
1571
1585
1599
1613
1626
1638
1651
1665
1677
1690
1701
1714
1724
1737
1749
1763
1776
1790
1804
1818
1830
1843
1856
1868
1881
1894
1908
1921
1934
1947
1960
1973
1985
1998
2009
2021
2033
2047
2059
2072
2085
2099
2111
2125
2139
2152
2166
2179
2190
2203
2217
2230
2242
2255
2268
2281
2295
2308
2322
2334
2347
2358
2372
2384
2397
2411
2424
2435
2449
2463
2477
2490
2504
2517
2529
2542
2555
2567
2580
2592
2605
2619
2632
2643
2655
2667
2678
2691
2703
2716
2730
2743
2755
2768
2782
2793
2806
2818
2830
2843
2856
2867
2881
2893
2906
2920
2932
2945
2958
2971
2983
2997
3009
3022
3035
3046
3060
3074
3086
3100
3113
3126
3139
3152
3164
3175
3188
3199
3213
3226
3240
3253
3266
3280
3293
3306
3320
3334
3347
3359
3373
3385
3398
3411
3424
3436
3450
3463
3476
3488
3502
3516
3530
3543
3557
3568
3581
3594
3608
3618
3631
3645
3658
3671
3685
3696
3708
3721
3732
3743
3757
3770
3781
3795
3808
3821
3833
3845
3857
3869
3882
3895
3908
3921
3934
3946
3960
3974
3986
3999
4013
4025
4037
4048
4060
4074
4085
4096
4110
4123
4136
4150
4163
4177
4187
4198
4211
4223
4234
4247
4260
4272
4284
4298
4309
4320
4333
4346
4356
4368
4379
4392
4406
4419
4431
4445
4458
4470
4483
4497
4509
4522
4534
4548
4561
4574
4586
4598
4610
4623
4636
4646
4658
4671
4683
4696
4710
4723
4737
4750
4763
4776
4790
4802
4816
4828
4839
4853
4865
4879
4892
4903
4914
4928
4941
4953
4967
4981
4992
5004
5017
5029
5040
5054
5066
5079
5093
5107
5120
5133
5143
5157
5171
5185
5197
5211
5224
5236
5250
5261
5275
5286
5297
5307
5320
5332
5344
5356
5370
5384
5397
5411
5423
5435
5449
5463
5477
5488
5500
5511
5523
5537
5549
5561
5573
5583
5596
5609
5623
5637
5650
5663
5677
5690
5700
5711
5724
5736
5748
5761
5775
5788
5801
5813
5827
5841
5854
5868
5879
5891
5905
5917
5928
5940
5953
5967
5979
5991
6005
6018
6031
6043
6057
6070
6083
6095
6107
6119
6131
6144
6156
6170
6180
6191
6205
6217
6229
6243
6254
6268
6280
6293
6306
6320
6332
6345
6357
6368
6380
6394
6407
6421
6435
6448
6462
6475
6486
6498
6512
6524
6538
6551
6565
6579
6592
6605
6616
6629
6641
6652
6663
6676
6688
6702
6716
6729
6742
6755
6767
6780
6792
6805
6818
6831
6844
6857
6870
6881
6892
6905
6917
6930
6942
6955
6969
6982
6995
7009
7021
7035
7048
7059
7073
7085
7098
7111
7125
7136
7149
7160
7173
7186
7200
7211
7224
7236
7249
7261
7275
7289
7303
7316
7327
7340
7352
7365
7377
7390
7401
7412
7425
7436
7447
7459
7470
7482
7495
7508
7520
7532
7545
7558
7571
7585
7599
7611
7624
7638
7649
7661
7675
7688
7699
7712
7725
7737
7751
7765
7779
7791
7803
7816
7830
7843
7855
7868
7881
7892
7905
7918
7932
7944
7957
7969
7983
7996
8008
8020
8033
8047
8060
8073
8086
8100
8111
8123
8136
8149
8162
8176
8189
8202
8215
8227
8239
8253
8266
8278
8289
8300
8313
8326
8336
8349
8363
8375
8385
8397
8410
8422
8435
8449
8462
8475
8488
8501
8514
8526
8539
8552
8566
8579
8593
8606
8620
8633
8646
8657
8670
8683
8697
8711
8722
8734
8746
8757
8768
8780
8792
8804
8816
8829
8842
8856
8869
8882
8895
8909
8923
8937
8950
8963
8976
8988
9002
9015
9029
9042
9056
9068
9080
9093
9106
9118
9132
9145
9159
9173
9185
9198
9210
9223
9235
9248
9261
9275
9287
9301
9312
9325
9337
9350
9363
9375
9389
9401
9414
9426
9440
9452
9465
9478
9490
9502
9515
9527
9541
9554
9567
9579
9591
9604
9618
9631
9644
9655
9669
9683
9696
9709
9722
9735
9748
9761
9774
9786
9800
9812
9825
9837
9851
9864
9876
9889
9903
9915
9928
9941
9954
9967
9981
9995
10008
10021
10035
10048
10062
10076
10089
10102
10114
10127
10140
10152
10165
10177
10187
10199
10211
10224
10236
10249
10261
10275
10288
10301
10315
10328
10341
10354
10366
10380
10390
10402
10414
10426
10437
10449
10462
10475
10487
10500
10514
10528
10539
10551
10565
10577
10591
10605
10615
10624
10637
10649
10662
10674
10687
10701
10714
10727
10741
10755
10769
10781
10793
10805
10818
10831
10843
10855
10867
10881
10893
10907
10920
10932
10942
10953
10966
10980
10992
11005
11019
11030
11044
11058
11068
11080
11093
11107
11120
11133
11146
11160
11173
11187
11200
11214
11226
11240
11252
11265
11276
11289
11302
11314
11327
11340
11354
11365
11379
11392
11405
11417
11431
11444
11456
11470
11482
11495
11509
11520
11533
11546
11560
11573
11587
11599
11612
11625
11637
11651
11665
11675
11687
11698
11712
11723
11737
11749
11762
11776
11789
11802
11813
11825
11838
11849
11862
11876
11889
11903
11916
11928
11940
11953
11966
11979
11993
12004
12017
12029
12043
12055
12068
12082
12096
12109
12123
12136
12149
12161
12174
12187
12199
12212
12225
12238
12251
12265
12279
12293
12307
12320
12331
12345
12359
12371
12383
12396
12409
12422
12434
12447
12460
12473
12486
12498
12512
12526
12538
12551
12565
12578
12590
12603
12615
12629
12643
12655
12666
12678
12691
12704
12715
12728
12742
12754
12768
12780
12793
12805
12818
12830
12842
12853
12867
12881
12894
12906
12918
12932
12946
12958
12972
12984
12998
13009
13023
13034
13048
13061
13073
13084
13097
13111
13123
13137
13150
13163
13174
13186
13200
13214
13227
13239
13253
13265
13278
13291
13305
13319
13332
13346
13360
13373
13385
13396
13408
13421
13435
13449
13463
13476
13490
13503
13516
13529
13542
13555
13568
13580
13593
13606
13617
13629
13642
13654
13664
13676
13689
13703
13717
13731
13745
13759
13771
13782
13794
13806
13819
13830
13843
13856
13867
13879
13890
13904
13918
13932
13945
13958
13972
13984
13995
14007
14019
14031
14044
14056
14067
14080
14094
14107
14119
14133
14144
14156
14170
14183
14197
14209
14222
14233
14244
14256
14269
14281
14294
14307
14319
14332
14346
14357
14370
14380
14393
14407
14420
14432
14446
14458
14471
14485
14499
14512
14525
14538
14550
14562
14574
14584
14596
14610
14623
14634
14647
14660
14673
14687
14700
14713
14726
14740
14752
14765
14777
14787
14800
14814
14828
14838
14850
14863
14875
14888
14900
14912
14923
14935
14948
14962
14975
14988
15001
15013
15026
15039
15051
15063
15077
15091
15105
15119
15131
15145
15157
15170
15184
15196
15210
15222
15233
15244
15257
15271
15284
15297
15310
15322
15335
15347
15360
15373
15385
15399
15412
15426
15438
15452
15466
15480
15493
15503
15515
15526
15539
15552
15566
15580
15593
15607
15621
15634
15647
15658
15671
15685
15699
15713
15727
15739
15753
15767
15779
15790
15804
15818
15832
15844
15854
15867
15878
15891
15904
15918
15930
15943
15956
15969
15983
15994
16007
16020
16032
16045
16058
16072
16085
16096
16110
16123
16136
16149
16161
16175
16186
16197
16209
16223
16237
16251
16263
16275
16287
16300
16314
16326
16340
16354
16368
16382
16394
16407
16420
16434
16448
16461
16474
16487
16501
16514
16528
16542
16554
16565
16577
16590
16604
16616
16628
16641
16653
16666
16679
16693
16705
16719
16733
16747
16758
16769
16783
16796
16808
16821
16833
16844
16858
16870
16884
16898
16911
16924
16938
16949
16962
16974
16986
16999
17012
17021
17034
17048
17061
17074
17087
17100
17110
17124
17136
17149
17161
17173
17187
17199
17211
17224
17235
17248
17262
17276
17290
17304
17317
17330
17342
17352
17366
17377
17390
17403
17416
17429
17443
17456
17470
17484
17497
17509
17522
17535
17545
17559
17572
17584
17594
17607
17620
17634
17646
17659
17670
17684
17696
17710
17724
17738
17750
17762
17775
17785
17798
17810
17824
17837
17850
17861
17873
17884
17895
17908
17919
17930
17944
17956
17969
17983
17995
18005
18018
18032
18045
18057
18070
18083
18095
18107
18120
18133
18147
18159
18171
18185
18198
18212
18224
18238
18249
18263
18275
18289
18299
18313
18326
18339
18351
18362
18376
18387
18399
18411
18425
18439
18451
18464
18477
18490
18503
18516
18526
18540
18552
18562
18573
18587
18600
18613
18627
18641
18653
18666
18679
18693
18705
18718
18732
18746
18760
18772
18784
18797
18810
18823
18835
18848
18860
18872
18886
18899
18913
18926
18940
18954
18966
18979
18990
19002
19016
19028
19041
19054
19067
19080
19093
19107
19119
19133
19147
19160
19172
19185
19198
19212
19223
19235
19248
19262
19274
19286
19298
19310
19324
19334
19344
19355
19368
19382
19394
19408
19422
19435
19448
19461
19473
19485
19498
19512
19525
19538
19549
19563
19577
19589
19601
19614
19628
19640
19652
19665
19679
19689
19699
19711
19724
19736
19749
19760
19773
19785
19798
19812
19823
19836
19849
19859
19869
19883
19896
19908
19921
19931
19942
19955
19968
19981
19995
20008
20021
20034
20047
20061
20074
20088
20101
20114
20127
20141
20155
20167
20181
20194
20208
20222
20236
20249
20261
20274
20287
20299
20313
20325
20339
20352
20365
20376
20386
20400
20414
20427
20440
20452
20466
20479
20491
20503
20516
20529
20543
20557
20570
20583
20593
20604
20617
20629
20641
20653
20665
20677
20688
20700
20713
20727
20741
20754
20768
20779
20792
20806
20818
20832
20845
20858
20871
20883
20896
20909
20923
20936
20948
20960
20974
20988
21001
21014
21027
21040
21054
21068
21082
21096
21108
21118
21131
21145
21158
21170
21184
21196
21209
21223
21235
21248
21261
21274
21286
21299
21313
21326
21338
21350
21364
21378
21391
21403
21417
21429
21441
21455
21468
21481
21494
21506
21519
21533
21545
21559
21573
21587
21599
21613
21625
21639
21653
21666
21678
21692
21706
21717
21730
21743
21757
21771
21782
21795
21806
21819
21830
21843
21855
21867
21879
21893
21906
21918
21929
21942
21955
21968
21979
21990
22003
22016
22029
22041
22053
22064
22078
22091
22105
22119
22132
22144
22157
22170
22183
22196
22208
22220
22233
22246
22257
22270
22283
22295
22309
22320
22334
22348
22359
22373
22386
22396
22408
22421
22435
22447
22460
22474
22487
22501
22513
22525
22539
22552
22566
22578
22592
22606
22619
22631
22644
22657
22670
22683
22695
22706
22717
22727
22740
22752
22765
22777
22791
22805
22819
22833
22846
22858
22871
22884
22897
22909
22920
22934
22946
22960
22972
22985
22999
23013
23024
23037
23050
23062
23073
23084
23097
23109
23122
23135
23147
23160
23173
23185
23197
23209
23221
23234
23246
23260
23272
23285
23298
23311
23323
23336
23349
23363
23375
23387
23399
23410
23424
23436
23449
23462
23475
23487
23501
23512
23524
23538
23550
23562
23575
23587
23600
23612
23624
23637
23650
23663
23676
23688
23702
23716
23728
23739
23752
23765
23778
23790
23803
23816
23830
23844
23857
23868
23882
23896
23908
23922
23933
23947
23959
23973
23987
24001
24014
24027
24038
24052
24065
24078
24092
24105
24117
24130
24144
24158
24171
24183
24196
24209
24222
24233
24247
24260
24273
24286
24297
24311
24325
24337
24349
24361
24372
24385
24398
24410
24424
24435
24447
24460
24473
24484
24498
24510
24524
24538
24550
24562
24575
24588
24600
24613
24625
24638
24651
24664
24675
24688
24701
24714
24727
24741
24753
24766
24779
24793
24807
24820
24833
24846
24859
24873
24885
24898
24910
24922
24934
24947
24960
24974
24988
25001
25014
25027
25038
25051
25064
25076
25089
25100
25112
25124
25137
25151
25164
25176
25190
25203
25216
25227
25241
25254
25268
25281
25295
25308
25321
25334
25346
25359
25372
25384
25397
25411
25425
25438
25450
25464
25477
25489
25502
25514
25528
25540
25549
25560
25573
25585
25598
25611
25625
25637
25650
25664
25678
25691
25705
25719
25732
25743
25756
25769
25781
25792
25804
25817
25830
25844
25857
25871
25883
25897
25909
25922
25935
25947
25957
25970
25982
25994
26007
26020
26033
26044
26057
26069
26082
26094
26105
26118
26131
26145
26157
26170
26184
26197
26208
26221
26232
26245
26257
26269
26282
26296
26310
26322
26335
26347
26360
26373
26387
26398
26412
26424
26436
26449
26463
26476
26489
26503
26517
26530
26542
26554
26567
26580
26593
26606
26618
26632
26645
26657
26670
26683
26697
26710
26722
26735
26748
26760
26774
26787
26800
26813
26826
26838
26849
26861
26875
26885
26898
26910
26922
26936
26948
26962
26975
26989
27001
27015
27028
27041
27053
27066
27078
27089
27099
27113
27127
27140
27153
27167
27180
27192
27206
27220
27234
27247
27259
27270
27282
27295
27309
27322
27336
27348
27362
27375
27386
27399
27411
27424
27436
27448
27460
27472
27483
27496
27508
27520
27534
27546
27559
27573
27584
27597
27610
27624
27637
27651
27662
27675
27686
27699
27712
27724
27736
27749
27762
27775
27789
27802
27814
27827
27841
27853
27867
27879
27892
27905
27919
27931
27941
27953
27965
27975
27987
28000
28011
28024
28038
28051
28065
28076
28090
28103
28116
28128
28142
28153
28166
28177
28189
28203
28216
28229
28241
28254
28268
28281
28294
28308
28319
28332
28345
28357
28370
28384
28398
28410
28421
28432
28446
28460
28471
28484
28497
28511
28522
28534
28545
28557
28571
28585
28598
28612
28626
28639
28651
28665
28677
28691
28705
28718
28731
28745
28758
28770
28783
28794
28806
28817
28831
28843
28856
28869
28883
28896
28910
28923
28936
28949
28961
28974
28986
28999
29012
29024
29037
29048
29060
29071
29083
29096
29107
29119
29132
29143
29157
29171
29184
29196
29206
29220
29233
29245
29257
29270
29282
29296
29309
29322
29335
29348
29361
29374
29386
29399
29412
29424
29435
29448
29461
29474
29487
29500
29510
29523
29535
29548
29559
29571
29584
29595
29609
29622
29636
29649
29662
29674
29685
29699
29712
29724
29736
29750
29762
29776
29788
29801
29812
29826
29839
29852
29865
29878
29891
29904
29916
29928
29938
29951
29964
29977
29991
30005
30015
30029
30041
30054
30066
30079
30091
30104
30117
30130
30144
30158
30171
30182
30194
30208
30220
30233
30246
30259
30271
30285
30296
30308
30320
30333
30346
30359
30373
30386
30399
30412
30426
30439
30451
30463
30476
30488
30500
30513
30527
30541
30552
30564
30577
30589
30601
30613
30625
30639
30652
30666
30678
30692
30704
30717
30729
30742
30756
30770
30784
30798
30810
30821
30835
30849
30862
30876
30887
30898
30910
30924
30938
30950
30962
30975
30988
31002
31013
31024
31036
31049
31062
31076
31089
31102
31116
31128
31140
31152
31166
31178
31192
31206
31219
31233
31246
31259
31271
31282
31293
31307
31320
31333
31347
31358
31371
31384
31396
31409
31421
31432
31443
31456
31468
31481
31494
31507
31520
31532
31544
31557
31571
31581
31593
31606
31619
31632
31645
31659
31673
31686
31699
31712
31726
31740
31754
31766
31777
31790
31802
31815
31826
31838
31850
31863
31874
31887
31900
31912
31925
31937
31951
31964
31977
31988
32001
32014
32027
32040
32054
32067
32080
32091
32105
32117
32131
32143
32157
32170
32184
32197
32209
32222
32236
32249
32261
32273
32285
32299
32309
32321
32334
32347
32359
32372
32386
32400
32412
32424
32436
32449
32462
32475
32489
32502
32513
32525
32537
32551
32563
32575
32587
32599
32613
32625
32636
32649
32662
32674
32686
32697
32711
32721
32733
32746
32760
32772
32785
32799
32811
32823
32836
32849
32862
32875
32889
32903
32917
32928
32940
32951
32962
32974
32987
33000
33012
33026
33039
33053
33065
33079
33092
33105
33118
33130
33143
33155
33168
33181
33192
33204
33217
33230
33241
33255
33268
33280
33292
33304
33318
33332
33344
33358
33370
33383
33396
33408
33421
33433
33444
33458
33471
33485
33499
33511
33524
33533
33545
33557
33570
33582
33595
33608
33619
33633
33645
33659
33672
33686
33699
33712
33724
33736
33749
33763
33777
33790
33801
33814
33825
33837
33849
33861
33874
33886
33898
33909
33922
33936
33948
33962
33974
33984
33997
34010
34022
34036
34049
34062
34073
34086
34098
34111
34124
34137
34149
34161
34173
34184
34198
34210
34223
34237
34250
34264
34275
34287
34299
34312
34326
34339
34352
34365
34379
34393
34405
34419
34431
34443
34456
34470
34484
34496
34508
34522
34534
34544
34555
34568
34579
34592
34606
34620
34632
34645
34657
34669
34680
34693
34704
34716
34730
34744
34756
34769
34782
34796
34810
34824
34836
34848
34859
34871
34884
34896
34910
34922
34935
34949
34962
34976
34988
35001
35014
35028
35041
35054
35066
35079
35091
35102
35116
35130
35142
35156
35168
35181
35193
35204
35215
35228
35239
35250
35264
35276
35287
35298
35311
35323
35337
35350
35363
35374
35386
35399
35411
35425
35438
35451
35462
35474
35485
35496
35509
35522
35535
35548
35561
35573
35585
35599
35609
35622
35635
35648
35661
35675
35687
35700
35712
35726
35739
35753
35764
35777
35790
35803
35816
35829
35843
35855
35869
35882
35892
35906
35919
35932
35945
35958
35972
35984
35996
36010
36023
36037
36049
36063
36076
36090
36104
36116
36129
36142
36156
36170
36184
36198
36210
36224
36237
36249
36262
36274
36287
36299
36312
36325
36337
36349
36363
36376
36390
36403
36416
36427
36439
36450
36461
36473
36486
36497
36511
36523
36533
36545
36556
36569
36580
36593
36606
36619
36631
36644
36656
36669
36681
36695
36708
36720
36733
36746
36757
36768
36781
36795
36808
36821
36834
36846
36859
36872
36885
36898
36911
36923
36934
36947
36961
36975
36989
37001
37015
37028
37040
37053
37064
37077
37091
37105
37119
37131
37142
37155
37168
37182
37195
37206
37220
37234
37248
37260
37273
37285
37298
37310
37324
37337
37349
37360
37373
37386
37398
37412
37423
37434
37447
37460
37473
37486
37499
37512
37526
37537
37551
37564
37577
37589
37601
37614
37628
37642
37654
37668
37680
37692
37705
37718
37731
37743
37756
37768
37782
37795
37805
37817
37829
37843
37856
37870
37884
37897
37907
37918
37929
37942
37954
37966
37979
37991
38003
38017
38030
38043
38056
38069
38082
38094
38105
38118
38131
38144
38156
38170
38183
38196
38210
38223
38236
38248
38259
38271
38283
38293
38307
38321
38335
38347
38359
38372
38384
38397
38411
38425
38438
38451
38465
38478
38491
38504
38516
38530
38542
38554
38568
38579
38591
38604
38617
38631
38644
38657
38670
38683
38694
38707
38720
38733
38746
38759
38773
38785
38798
38808
38820
38834
38845
38858
38870
38882
38893
38904
38915
38928
38942
38953
38966
38979
38992
39004
39017
39029
39042
39056
39069
39083
39096
39108
39121
39134
39148
39160
39173
39185
39199
39211
39223
39237
39248
39261
39275
39288
39301
39315
39329
39342
39356
39368
39381
39393
39407
39419
39432
39443
39455
39467
39481
39492
39504
39516
39528
39540
39554
39566
39579
39592
39606
39619
39632
39643
39655
39666
39678
39688
39701
39715
39728
39741
39755
39768
39782
39794
39807
39819
39831
39844
39856
39870
39883
39896
39909
39922
39933
39944
39956
39969
39983
39997
40011
40020
40033
40047
40058
40070
40083
40096
40110
40121
40134
40145
40159
40173
40185
40198
40211
40225
40238
40251
40264
40277
40288
40302
40315
40327
40341
40353
40366
40380
40392
40406
40418
40430
40444
40458
40471
40482
40495
40508
40519
40532
40545
40558
40571
40585
40595
40606
40619
40632
40643
40657
40669
40682
40695
40706
40718
40732
40746
40760
40772
40784
40798
40811
40823
40836
40849
40863
40876
40888
40901
40914
40925
40938
40948
40962
40976
40989
41001
41013
41026
41037
41049
41062
41076
41090
41102
41113
41126
41139
41151
41163
41175
41188
41201
41213
41225
41239
41253
41264
41277
41290
41303
41316
41328
41341
41354
41365
41379
41391
41404
41416
41428
41439
41453
41464
41477
41491
41503
41517
41531
41544
41557
41571
41583
41596
41610
41624
41637
41647
41657
41670
41681
41693
41705
41717
41727
41740
41753
41767
41779
41792
41806
41820
41832
41846
41860
41872
41883
41893
41903
41917
41930
41942
41955
41965
41977
41990
42003
42016
42029
42041
42054
42067
42080
42093
42106
42119
42132
42146
42159
42173
42184
42197
42211
42225
42237
42250
42262
42275
42289
42300
42314
42328
42341
42351
42364
42377
42391
42404
42417
42431
42443
42455
42468
42479
42492
42505
42517
42529
42543
42556
42569
42581
42594
42605
42618
42629
42638
42650
42663
42675
42688
42699
42712
42726
42738
42752
42764
42778
42791
42802
42815
42829
42842
42855
42868
42881
42894
42907
42919
42932
42943
42957
42970
42984
42997
43010
43023
43036
43048
43060
43074
43087
43100
43111
43123
43137
43147
43160
43173
43186
43198
43211
43223
43235
43247
43260
43273
43287
43300
43313
43326
43338
43351
43363
43375
43389
43402
43415
43429
43439
43453
43464
43478
43490
43503
43516
43528
43542
43554
43568
43582
43595
43609
43623
43637
43651
43664
43678
43690
43703
43715
43727
43741
43754
43767
43780
43794
43807
43821
43835
43846
43860
43873
43886
43896
43909
43923
43936
43947
43960
43974
43984
43998
44012
44025
44039
44052
44065
44076
44089
44101
44112
44122
44135
44147
44161
44174
44188
44200
44214
44227
44240
44252
44264
44277
44289
44300
44314
44326
44338
44351
44364
44376
44390
44403
44417
44431
44444
44457
44471
44483
44494
44505
44517
44530
44543
44555
44567
44580
44594
44607
44618
44631
44644
44657
44670
44679
44693
44706
44720
44733
44745
44757
44769
44781
44793
44806
44818
44830
44842
44853
44866
44877
44890
44901
44915
44928
44939
44950
44963
44976
44990
45003
45016
45029
45042
45055
45069
45082
45094
45106
45120
45131
45143
45155
45169
45181
45194
45204
45217
45229
45242
45255
45269
45283
45296
45310
45322
45335
45347
45359
45370
45382
45395
45408
45420
45432
45445
45459
45472
45485
45498
45511
45525
45539
45551
45562
45575
45586
45599
45612
45625
45638
45651
45664
45676
45687
45700
45714
45726
45738
45751
45762
45773
45785
45797
45810
45823
45836
45849
45863
45875
45885
45899
45912
45922
45936
45949
45963
45976
45989
46000
46012
46023
46037
46049
46062
46074
46087
46100
46114
46126
46139
46153
46166
46178
46192
46205
46218
46232
46245
46258
46270
46284
46295
46309
46322
46335
46348
46361
46373
46385
46395
46407
46419
46432
46445
46458
46472
46483
46496
46510
46522
46535
46548
46561
46574
46587
46600
46613
46626
46639
46651
46664
46676
46690
46703
46716
46727
46738
46752
46762
46775
46788
46800
46812
46825
46835
46849
46861
46874
46887
46900
46913
46926
46938
46950
46962
46975
46989
47001
47014
47027
47038
47052
47065
47079
47093
47106
47118
47129
47142
47154
47166
47180
47193
47207
47219
47233
47247
47260
47270
47283
47297
47309
47323
47336
47348
47361
47375
47387
47400
47414
47427
47439
47452
47465
47478
47491
47504
47516
47529
47542
47555
47568
47581
47593
47606
47618
47631
47645
47658
47670
47682
47694
47706
47719
47732
47743
47754
47767
47779
47791
47805
47819
47832
47844
47856
47868
47881
47894
47906
47918
47929
47943
47955
47967
47978
47990
48004
48018
48030
48044
48058
48072
48083
48096
48108
48122
48134
48146
48159
48172
48186
48199
48211
48224
48238
48252
48264
48278
48290
48302
48316
48330
48342
48355
48366
48378
48392
48405
48419
48431
48442
48456
48467
48478
48491
48504
48517
48530
48544
48555
48569
48582
48595
48607
48620
48632
48643
48656
48669
48681
48694
48707
48721
48734
48744
48755
48767
48780
48793
48805
48819
48830
48844
48858
48871
48885
48897
48909
48922
48934
48947
48960
48971
48981
48994
49004
49017
49028
49041
49052
49065
49077
49090
49103
49115
49129
49142
49156
49168
49179
49193
49206
49219
49231
49243
49256
49270
49282
49296
49310
49322
49335
49348
49362
49374
49386
49399
49411
49423
49435
49446
49458
49472
49484
49496
49510
49522
49535
49548
49560
49571
49583
49597
49611
49625
49639
49653
49666
49678
49691
49704
49716
49729
49742
49754
49768
49782
49795
49807
49820
49832
49846
49859
49873
49885
49898
49911
49925
49939
49953
49967
49981
49995
50009
50022
50035
50048
50060
50072
50086
50100
50113
50126
50140
50153
50164
50177
50188
50202
50216
50229
50242
50252
50266
50279
50293
50306
50320
50330
50343
50357
50369
50382
50395
50408
50420
50434
50448
50461
50475
50486
50498
50510
50523
50535
50549
50562
50574
50587
50600
50614
50626
50638
50649
50662
50674
50687
50700
50712
50724
50736
50750
50762
50774
50785
50799
50813
50827
50840
50853
50867
50880
50893
50906
50919
50933
50947
50960
50974
50987
51001
51014
51027
51041
51055
51068
51079
51091
51103
51117
51128
51140
51154
51167
51178
51191
51204
51216
51228
51240
51252
51265
51277
51288
51301
51313
51325
51337
51351
51364
51376
51388
51399
51412
51425
51438
51452
51466
51478
51492
51505
51519
51533
51545
51557
51570
51584
51598
51612
51625
51636
51649
51659
51671
51682
51695
51709
51721
51733
51747
51761
51775
51787
51801
51815
51827
51840
51852
51863
51877
51888
51902
51915
51928
51940
51952
51965
51977
51989
52002
52014
52028
52041
52053
52067
52081
52093
52107
52121
52132
52146
52159
52171
52184
52197
52210
52221
52234
52245
52258
52271
52284
52296
52310
52324
52337
52349
52363
52374
52385
52399
52413
52425
52439
52453
52467
52480
52493
52506
52517
52529
52541
52555
52569
52581
52595
52608
52621
52634
52646
52660
52671
52684
52696
52709
52721
52733
52744
52758
52770
52783
52796
52809
52821
52835
52846
52859
52871
52885
52896
52910
52922
52935
52946
52958
52970
52984
52995
53009
53019
53032
53045
53057
53071
53084
53097
53109
53120
53134
53146
53158
53172
53185
53197
53211
53222
53234
53245
53258
53270
53282
53293
53304
53316
53330
53344
53357
53370
53383
53396
53409
53421
53435
53445
53458
53469
53481
53494
53508
53521
53533
53547
53561
53573
53585
53596
53608
53621
53633
53645
53658
53670
53684
53696
53709
53722
53733
53745
53757
53771
53784
53798
53809
53821
53834
53845
53858
53871
53883
53895
53907
53921
53934
53947
53960
53973
53986
53999
54013
54027
54040
54052
54063
54076
54089
54102
54115
54129
54141
54153
54167
54180
54193
54207
54219
54233
54245
54257
54271
54284
54296
54309
54323
54334
54345
54358
54369
54382
54395
54406
54418
54431
54445
54457
54470
54480
54494
54507
54520
54530
54543
54554
54568
54581
54595
54607
54619
54633
54645
54656
54668
54681
54694
54705
54719
54732
54744
54756
54769
54783
54795
54808
54820
54831
54842
54855
54869
54881
54893
54907
54919
54933
54946
54958
54971
54985
54996
55008
55021
55032
55044
55057
55071
55085
55097
55110
55123
55136
55149
55161
55174
55186
55199
55210
55222
55236
55249
55262
55276
55289
55303
55313
55327
55339
55353
55366
55380
55394
55408
55419
55433
55446
55459
55472
55485
55496
55509
55522
55535
55546
55560
55571
55583
55595
55607
55617
55628
55642
55655
55665
55677
55690
55702
55713
55726
55738
55751
55762
55775
55789
55802
55815
55829
55841
55854
55867
55879
55893
55905
55917
55929
55940
55953
55966
55979
55992
56006
56018
56029
56042
56055
56068
56082
56096
56108
56120
56134
56147
56158
56170
56183
56196
56209
56221
56234
56246
56260
56273
56286
56298
56309
56323
56336
56348
56360
56373
56387
56399
56413
56426
56437
56449
56463
56476
56487
56501
56512
56526
56539
56551
56565
56575
56587
56600
56613
56626
56637
56651
56663
56677
56689
56702
56714
56727
56741
56754
56765
56777
56789
56801
56812
56826
56838
56850
56863
56875
56889
56903
56917
56930
56942
56955
56965
56975
56987
57000
57012
57024
57037
57049
57062
57072
57085
57095
57108
57120
57133
57146
57158
57169
57182
57195
57208
57222
57236
57249
57261
57273
57287
57299
57312
57326
57338
57351
57364
57377
57391
57405
57419
57430
57444
57456
57469
57483
57496
57508
57521
57533
57546
57559
57572
57586
57599
57613
57627
57641
57654
57667
57678
57691
57704
57716
57728
57741
57755
57767
57780
57792
57806
57819
57832
57846
57859
57872
57886
57899
57912
57926
57939
57953
57966
57979
57992
58005
58018
58031
58044
58056
58070
58083
58095
58106
58119
58129
58141
58155
58166
58177
58186
58199
58211
58223
58236
58249
58262
58276
58288
58302
58314
58328
58339
58352
58364
58377
58389
58401
58415
58426
58439
58450
58463
58477
58490
58504
58518
58530
58544
58556
58569
58583
58596
58610
58623
58635
58646
58659
58672
58683
58697
58710
58724
58737
58749
58761
58775
58789
58800
58813
58825
58838
58851
58865
58877
58890
58904
58914
58924
58937
58950
58963
58976
58987
59001
59013
59025
59037
59050
59063
59076
59089
59102
59114
59127
59140
59153
59166
59180
59193
59206
59216
59230
59240
59253
59264
59278
59292
59303
59316
59329
59341
59354
59366
59378
59390
59404
59415
59427
59440
59453
59466
59480
59493
59507
59521
59532
59546
59559
59572
59584
59598
59609
59623
59635
59649
59662
59674
59687
59698
59712
59725
59739
59752
59765
59778
59790
59801
59814
59825
59836
59850
59864
59878
59892
59905
59915
59926
59938
59949
59962
59975
59988
60001
60014
60028
60041
60054
60066
60080
60092
60105
60117
60129
60142
60156
60170
60182
60196
60210
60223
60236
60248
60261
60275
60289
60301
60314
60327
60338
60351
60361
60373
60386
60399
60411
60424
60437
60450
60463
60473
60487
60500
60513
60526
60539
60549
60561
60573
60584
60597
60609
60623
60635
60647
60661
60675
60689
60702
60714
60726
60740
60752
60766
60777
60790
60804
60817
60830
60843
60857
60871
60884
60896
60910
60923
60935
60948
60961
60973
60985
60999
61011
61024
61037
61048
61061
61073
61086
61098
61111
61122
61136
61149
61162
61176
61188
61201
61213
61227
61239
61251
61264
61278
61291
61303
61315
61326
61339
61351
61365
61377
61389
61403
61415
61429
61441
61451
61464
61477
61491
61500
61513
61527
61541
61555
61568
61581
61595
61607
61620
61631
61644
61657
61667
61678
61690
61702
61714
61728
61741
61754
61766
61778
61791
61804
61817
61828
61841
61854
61866
61878
61888
61902
61915
61928
61940
61953
61965
61978
61991
62005
62018
62030
62043
62055
62066
62080
62092
62104
62118
62132
62146
62158
62172
62186
62200
62212
62226
62239
62251
62263
62276
62289
62301
62314
62326
62339
62353
62365
62377
62391
62405
62418
62430
62443
62457
62471
62485
62498
62512
62525
62537
62548
62562
62575
62589
62602
62615
62627
62640
62653
62666
62680
62694
62707
62719
62731
62741
62755
62768
62780
62794
62807
62821
62832
62846
62858
62871
62883
62896
62909
62920
62931
62943
62956
62969
62982
62993
63005
63019
63033
63046
63060
63073
63083
63095
63108
63122
63134
63148
63161
63173
63186
63200
63213
63226
63238
63252
63265
63279
63292
63304
63317
63330
63342
63356
63368
63382
63396
63410
63423
63434
63448
63461
63472
63486
63497
63510
63523
63536
63549
63560
63573
63585
63598
63609
63620
63632
63644
63656
63669
63681
63693
63706
63719
63732
63744
63758
63769
63782
63794
63806
63818
63831
63842
63855
63867
63878
63892
63905
63919
63933
63944
63957
63970
63984
63996
64007
64018
64030
64041
64055
64068
64081
64093
