quicksortv3
0
3
6
9
14
18
23
28
33
39
44
51
57
62
69
75
82
88
94
103
112
115
130
133
145
148
156
161
172
181
185
196
203
209
219
224
235
245
248
262
269
285
284
297
310
315
322
333
341
350
354
367
374
380
393
395
414
429
434
441
456
461
465
482
480
495
506
520
527
541
557
555
570
585
592
592
595
620
635
640
656
670
657
676
683
701
706
721
748
720
742
774
783
792
799
810
821
816
836
836
865
880
890
898
899
907
924
926
954
950
986
989
982
995
1024
1020
1029
1047
1053
1065
1090
1088
1103
1108
1112
1132
1144
1155
1182
1174
1199
1232
1231
1228
1231
1239
1252
1277
1291
1303
1298
1308
1321
1324
1337
1364
1376
1411
1394
1408
1427
1435
1440
1466
1472
1485
1483
1489
1511
1507
1562
1550
1575
1601
1579
1586
1600
1620
1626
1621
1635
1662
1698
1680
1703
1718
1728
1713
1749
1801
1770
1772
1778
1802
1826
1848
1841
1863
1869
1889
1907
1880
1931
1893
1946
1964
1962
1971
1984
2034
2008
2022
2047
2021
2069
2092
2120
2116
2137
2098
2183
2162
2145
2189
2212
2238
2222
2195
2243
2246
2292
2289
2277
2319
2339
2272
2366
2364
2403
2375
2409
2429
2419
2435
2421
2385
2520
2480
2496
2487
2497
2536
2539
2593
2555
2602
2551
2602
2635
2649
2644
2690
2657
2633
2691
2724
2729
2752
2791
2763
2788
2758
2801
2800
2797
2797
2872
2825
2896
2909
2880
2877
2888
2938
2927
2926
2941
3009
3017
3022
3065
3031
3019
3044
3082
3126
3097
3140
3191
3142
3109
3219
3264
3192
3237
3207
3173
3289
3267
3321
3260
3331
3316
3317
3332
3370
3362
3419
3439
3411
3501
3444
3436
3454
3480
3467
3498
3511
3545
3553
3548
3627
3576
3557
3628
3652
3652
3644
3743
3722
3654
3702
3747
3758
3758
3794
3766
3840
3787
3773
3877
3843
3874
3863
3859
3864
3878
3846
3925
3987
3941
3990
3938
3961
3983
3973
4069
4042
4068
4090
4128
4072
4153
4135
4130
4101
4186
4163
4248
4221
4155
4243
4257
4229
4280
4274
4271
4320
4376
4342
4368
4362
4376
4441
4491
4482
4492
4420
4483
4466
4523
4534
4521
4558
4534
4586
4590
4568
4600
4632
4691
4638
4651
4697
4750
4767
4777
4759
4726
4743
4800
4884
4804
4792
4839
4847
4936
4852
4902
4895
4876
4822
4925
5008
5012
4986
5081
5002
5011
5129
5098
5077
5078
5097
5084
5091
5135
5222
5184
5167
5182
5191
5245
5216
5279
5275
5286
5352
5311
5342
5310
5352
5364
5399
5365
5382
5413
5456
5468
5456
5497
5517
5529
5576
5535
5546
5577
5649
5637
5637
5665
5594
5616
5671
5679
5820
5760
5731
5620
5761
5772
5794
5798
5745
5843
5876
5792
5874
5989
5880
5979
5897
5859
5895
5941
6012
5984
5973
6090
6110
6027
6098
6087
6061
6076
6149
6057
6167
6075
6144
6203
6154
6188
6188
6262
6266
6329
6312
6290
6318
6369
6313
6372
6411
6419
6466
6447
6387
6514
6497
6525
6606
6492
6556
6613
6534
6611
6604
6593
6630
6677
6606
6634
6669
6728
6722
6731
6837
6715
6744
6683
6839
6833
6787
6718
6862
6862
6893
7003
6938
6943
6997
6914
7026
6952
7062
7057
7088
7093
7108
7130
7033
7108
7111
7209
7202
7113
7290
7105
7189
7358
7272
7188
7223
7214
7328
7255
7339
7339
7291
7366
7331
7403
7261
7415
7447
7526
7496
7418
7544
7493
7583
7526
7513
7544
7637
7605
7535
7618
7556
7628
7700
7614
7785
7700
7641
7674
7799
7754
7835
7783
7746
7801
7728
7901
7902
7819
7858
7920
7909
8018
7905
8175
8069
8075
8072
8104
8142
8204
8183
8061
8105
8208
8155
8214
8143
8269
8259
8394
8199
8164
8272
8230
8299
8309
8248
8479
8362
8370
8473
8404
8458
8463
8356
8404
8428
8533
8605
8442
8684
8539
8601
8548
8580
8517
8642
8578
8725
8594
8709
8806
8725
8842
8605
8816
8781
8785
8957
8783
8888
8836
8844
8855
8862
8967
8898
8900
8964
8979
8878
9066
8963
9109
9079
9157
9066
9142
9165
9024
9211
9172
9176
9189
9264
9164
9018
9304
9134
9258
9208
9293
9427
9383
9439
9346
9381
9502
9406
9377
9481
9492
9407
9468
9493
9540
9625
9600
9473
9713
9505
9619
9650
9635
9586
9562
9683
9609
9703
9774
9636
9736
9774
9792
9711
9928
9877
9848
9809
9936
9766
9841
9979
9871
10094
9903
10000
9920
9952
10123
9967
10124
10050
10163
10157
10096
9990
10269
10049
10228
10258
10266
10339
10336
10293
10218
10245
10499
10436
10370
10430
10493
10458
10500
10541
10516
10518
10495
10389
10450
10514
10509
10565
10495
10472
10682
10493
10678
10692
10717
10642
10542
10673
10703
10641
10773
10890
10808
10843
10823
10917
10772
11082
10758
10858
10930
11198
11053
10895
10946
10994
10953
11070
11174
10958
11141
11108
11107
10997
11079
11102
11184
11266
11151
11132
11176
11305
11354
11269
11284
11282
11463
11404
11361
11279
11211
11350
11273
11347
11391
11479
11418
11359
11532
11533
11482
11604
11555
11580
11654
11658
11653
11630
11768
11529
11652
11767
11705
11787
11766
11858
11912
11749
11941
12007
11957
11960
11714
12021
11877
12017
11847
11919
12111
11986
12054
11999
12032
12094
12063
12132
12064
12016
11985
12237
12254
12277
12042
12248
12207
12167
12209
12310
12444
12306
12460
12411
12244
12508
12303
12426
12399
12456
12536
12394
12619
12508
12437
12439
12434
12682
12444
12636
12580
12636
12602
12572
12576
12725
12673
12783
12712
12702
12821
12782
12760
12817
13027
12792
12773
12876
12839
13046
12999
12984
12973
12752
12880
12978
12965
13086
13054
12975
13007
13092
13107
13127
13142
13090
13237
13227
13143
13297
13269
13313
13296
13314
13411
13361
13272
13361
13390
13271
13307
13391
13671
13512
13381
13375
13398
13534
13642
13473
13612
13566
13584
13608
13806
13793
13835
