quicksort
0
1
4
7
12
16
21
25
32
36
41
47
55
60
67
74
80
87
94
100
110
117
121
133
138
145
149
161
167
180
191
192
202
205
221
231
232
242
256
252
265
277
294
295
301
311
321
326
336
346
357
369
372
387
391
397
410
413
425
440
459
471
475
480
490
498
522
520
525
526
546
553
577
595
583
589
610
614
629
648
652
656
662
682
683
702
710
708
722
765
752
771
768
788
793
826
824
831
840
848
852
851
896
898
909
919
922
943
953
971
969
973
989
1009
1016
1029
1047
1047
1034
1051
1068
1096
1105
1108
1111
1130
1151
1132
1171
1166
1200
1186
1220
1237
1224
1252
1269
1268
1289
1282
1308
1299
1305
1321
1357
1369
1359
1379
1401
1416
1422
1439
1448
1487
1458
1483
1471
1530
1507
1546
1532
1532
1540
1577
1566
1607
1588
1603
1631
1639
1655
1663
1671
1675
1712
1689
1729
1720
1774
1785
1769
1785
1806
1832
1830
1832
1855
1837
1853
1864
1919
1936
1903
1946
1966
1926
2001
1959
2000
2028
1992
2037
2053
2037
2070
2038
2068
2079
2113
2177
2116
2152
2184
2168
2210
2192
2198
2212
2228
2233
2267
2265
2278
2328
2289
2326
2347
2326
2327
2342
2390
2409
2420
2424
2437
2452
2461
2482
2460
2509
2537
2535
2505
2589
2557
2579
2566
2635
2646
2618
2657
2654
2666
2702
2667
2755
2729
2735
2759
2749
2767
2797
2806
2857
2840
2814
2893
2818
2899
2865
2908
2907
2925
2944
2950
2987
2961
2985
2990
2951
3013
2992
3039
3074
3021
3099
3088
3164
3133
3204
3174
3190
3207
3207
3176
3232
3208
3234
3286
3280
3278
3297
3344
3301
3326
3364
3373
3455
3395
3368
3458
3441
3445
3511
3500
3460
3506
3486
3498
3584
3537
3608
3561
3587
3639
3627
3625
3644
3691
3673
3666
3706
3785
3728
3724
3809
3855
3733
3801
3787
3847
3827
3833
3891
3877
3915
3902
3885
3943
3851
3998
3932
3953
3934
4041
4055
4130
4037
4070
4091
4090
4172
4085
4154
4160
4179
4175
4242
4207
4177
4217
4272
4266
4247
4328
4333
4319
4346
4340
4352
4362
4398
4384
4461
4480
4449
4512
4417
4478
4495
4566
4461
4551
4592
4539
4581
4593
4546
4586
4588
4633
4641
4681
4709
4609
4687
4738
4770
4782
4756
4841
4812
4811
4796
4825
4899
4866
4843
4905
4859
4946
4983
4879
4971
4933
4961
4944
5037
5070
5081
5094
5060
5131
5130
5125
5098
5164
5159
5247
5171
5221
5275
5133
5242
5266
5207
5360
5355
5303
5318
5299
5366
5366
5385
5383
5433
5410
5429
5450
5483
5474
5395
5568
5520
5561
5499
5555
5612
5573
5543
5591
5512
5574
5591
5663
5669
5678
5739
5767
5775
5777
5845
5871
5785
5796
5849
5891
5920
5846
5834
5931
5985
6023
5947
6020
5925
5979
5957
6007
6080
6008
6058
6105
6100
6159
6219
6102
6081
6209
6210
6234
6224
6192
6183
6255
6265
6259
6324
6289
6312
6387
6396
6400
6378
6457
6460
6427
6456
6407
6481
6569
6505
6567
6503
6493
6673
6654
6638
6542
6667
6590
6612
6781
6673
6631
6727
6678
6727
6659
6786
6800
6737
6860
6741
6845
6884
6812
6830
6781
6791
7011
6953
7100
7036
6991
6957
7003
7048
7145
7181
7161
7074
7099
7085
7106
7095
7129
7139
7156
7237
7261
7347
7269
7308
7189
7263
7278
7303
7386
7362
7352
7350
7519
7502
7469
7411
7657
7503
7526
7516
7472
7549
7560
7544
7564
7589
7565
7577
7616
7691
7734
7662
7728
7753
7728
7778
7870
7753
7902
7743
7771
7843
7859
7773
7917
7815
7871
8004
7946
7974
7954
7960
7977
8093
8067
8043
8101
8024
8113
8050
8177
8125
8041
8234
8201
8102
8193
8270
8275
8194
8282
8328
8323
8279
8234
8281
8419
8349
8354
8394
8495
8445
8401
8414
8500
8562
8546
8451
8520
8578
8548
8530
8638
8554
8599
8633
8730
8620
8810
8788
8732
8690
8651
8593
8767
8734
8805
8795
8884
8895
8857
8939
8815
8963
8947
8942
8912
8990
8897
9048
8997
8949
9026
9008
9202
9102
9044
9116
9175
9173
9047
9085
9116
9318
9162
9120
9257
9202
9244
9270
9423
9340
9253
9268
9380
9451
9380
9367
9253
9428
9377
9435
9488
9559
9669
9548
9623
9655
9654
9567
9716
9673
9665
9625
9710
9702
9658
9699
9698
9731
9728
9815
9788
9813
9870
9823
9862
9882
9696
9965
9999
9874
9944
10111
9835
10051
9937
10008
9935
10006
10168
10103
10019
10182
10169
10168
10194
10088
10111
10214
10324
10227
10205
10232
10258
10367
10261
10485
10523
10343
10334
10453
10452
10568
10392
10542
10504
10464
10411
10564
10534
10510
10414
10488
10615
10625
10558
10621
10532
10780
10691
10763
10661
10885
10684
10791
10758
10774
10774
10781
10868
10965
10827
10931
10780
11020
10974
10985
11017
10865
10970
11066
10930
11006
11052
11056
11081
11202
11011
11131
11062
11144
11174
11205
11188
11198
11248
11218
11302
11350
11375
11337
11371
11234
11341
11362
11231
11498
11425
11309
11363
11477
11571
11351
11600
11466
11552
11646
11601
11586
11474
11521
11760
11669
11801
11576
11711
11716
11808
11728
11818
11710
11797
11672
11827
11962
11937
11861
11875
12007
11966
11982
11990
12016
11998
12067
12049
11945
12052
12074
12120
12031
12096
12190
12304
12042
12197
12385
12260
12109
12322
12352
12345
12302
12278
12293
12393
12242
12348
12269
12435
12413
12415
12558
12585
12389
12428
12570
12479
12741
12456
12555
12634
12535
12598
12581
12400
12641
12840
12666
12605
12809
12699
12887
12832
12808
12695
13001
12888
13150
12751
12852
12847
13026
12907
12973
13060
12892
13027
12961
12951
13206
13095
13244
12994
13079
13214
13043
13038
13118
13310
13193
13160
13248
13335
13301
13356
13394
13419
13440
13212
13210
13253
13372
13402
13304
13661
13413
13586
13471
13351
13461
13550
13509
13600
13729
13633
13757
13552
