quicksortv2
0
3
5
9
14
17
23
27
32
39
46
50
55
63
69
73
85
88
96
102
110
116
122
130
139
143
153
160
172
180
185
196
202
212
218
227
236
251
258
267
267
279
292
298
299
315
320
329
344
356
360
369
380
385
392
407
421
435
434
451
456
460
476
486
492
499
502
527
539
554
545
565
562
582
591
585
613
618
637
650
646
662
674
684
689
699
709
722
736
748
755
760
768
778
799
807
830
827
833
854
843
879
889
897
918
911
916
932
957
960
957
974
999
1008
1000
1021
1038
1025
1051
1066
1065
1101
1092
1095
1132
1122
1141
1174
1160
1161
1182
1205
1207
1214
1233
1250
1263
1273
1293
1278
1294
1332
1331
1341
1337
1365
1360
1360
1387
1451
1448
1439
1434
1466
1463
1511
1503
1488
1499
1538
1548
1533
1571
1578
1563
1594
1579
1635
1628
1654
1636
1656
1676
1678
1711
1677
1718
1726
1738
1747
1750
1794
1810
1789
1825
1829
1848
1865
1869
1865
1888
1883
1959
1906
1957
1933
1976
1991
2003
2026
2040
2021
2018
2061
2072
2057
2096
2085
2126
2164
2135
2171
2170
2193
2181
2216
2216
2235
2228
2239
2278
2289
2295
2317
2342
2342
2368
2300
2402
2370
2379
2419
2431
2395
2436
2425
2472
2501
2495
2545
2543
2547
2544
2571
2565
2580
2603
2652
2595
2650
2638
2693
2716
2680
2685
2695
2723
2729
2747
2732
2846
2800
2792
2825
2786
2776
2801
2884
2906
2842
2873
2876
2945
2968
2964
2971
3047
2974
3037
2986
3046
3057
3061
3003
3100
3096
3127
3128
3173
3113
3145
3195
3176
3235
3247
3208
3276
3284
3283
3273
3259
3344
3359
3295
3330
3340
3371
3380
3424
3404
3457
3487
3446
3426
3466
3545
3495
3540
3526
3571
3552
3568
3607
3580
3604
3646
3619
3629
3652
3689
3703
3723
3777
3656
3771
3774
3833
3778
3821
3815
3843
3822
3830
3944
3878
3965
3941
3954
3918
3942
4034
3996
3964
3989
4020
4009
4045
4049
4112
4047
4106
4133
4099
4156
4109
4197
4169
4183
4233
4254
4226
4217
4259
4291
4249
4272
4260
4383
4379
4385
4372
4344
4339
4466
4362
4473
4512
4410
4471
4475
4487
4534
4557
4591
4595
4567
4616
4653
4579
4669
4691
4683
4709
4725
4640
4721
4761
4720
4834
4839
4721
4842
4791
4856
4890
4864
4843
4971
4943
4909
4939
4974
4990
5032
4983
5036
5018
5012
5133
5083
5091
5094
5100
5147
5079
5145
5138
5198
5203
5221
5188
5141
5260
5233
5282
5244
5232
5278
5271
5302
5361
5430
5400
5326
5413
5506
5339
5424
5421
5420
5507
5573
5513
5653
5637
5444
5627
5592
5570
5597
5659
5736
5636
5715
5622
5686
5748
5655
5702
5757
5768
5748
5781
5838
5868
5870
5835
5882
5856
5902
5925
5892
5910
5925
5960
5945
6090
6024
6051
5961
6118
6026
6110
6045
6088
6108
6115
6133
6189
6140
6188
6243
6357
6229
6311
6251
6233
6267
6300
6325
6293
6308
6241
6417
6440
6566
6460
6437
6528
6538
6434
6441
6559
6637
6536
6543
6589
6604
6610
6614
6653
6641
6619
6768
6730
6741
6662
6720
6749
6708
6815
6822
6774
6833
6904
6863
6888
6960
6875
6859
6879
7035
7001
6978
6949
7015
7031
7068
7001
7054
7060
7167
7077
7124
7090
7046
7115
7033
7195
7214
7203
7284
7383
7315
7322
7296
7225
7305
7298
7366
7401
7490
7388
7416
7435
7351
7396
7458
7517
7473
7531
7572
7525
7554
7502
7544
7560
7558
7580
7598
7716
7680
7713
7653
7626
7691
7747
7748
7761
7823
7773
7771
7862
7775
7937
7844
7949
7944
7983
7947
8011
7963
7953
7971
8012
8090
8097
7967
8049
8144
8095
8049
8096
8183
8146
8260
8102
8212
8192
8262
8232
8225
8271
8357
8291
8344
8380
8378
8465
8364
8440
8386
8448
8405
8461
8483
8507
8571
8526
8388
8637
8475
8602
8674
8642
8666
8557
8656
8503
8728
8842
8667
8593
8724
8700
8732
8819
8849
8879
8837
8836
8791
8861
8868
8890
8971
8902
8924
9035
9011
8917
9112
9004
9047
8965
9083
9210
9172
9173
9130
9236
9154
9073
9255
9065
9211
9187
9298
9185
9197
9231
9270
9412
9228
9470
9447
9366
9455
9379
9425
9299
9536
9618
9590
9500
9508
9688
9765
9637
9492
9698
9629
9652
9716
9585
9688
9810
9740
9781
9695
9771
9678
9734
9776
9875
9915
9921
9822
9893
9959
9932
10084
9983
10002
9908
9884
10046
10180
10079
10047
10198
10034
10072
10000
10141
10154
10007
10132
10264
10231
10212
10251
10321
10262
10200
10223
10349
10376
10249
10216
10471
10316
10545
10331
10388
10389
10565
10381
10462
10447
10599
10594
10563
10608
10566
10504
10676
10532
10784
10621
10682
10757
10735
10776
10776
10678
10847
10878
10991
10880
10813
10922
10734
10906
10922
10883
10894
10944
10951
10851
11105
10963
11097
11137
11028
11116
11041
11077
11140
11089
11202
11119
11285
11064
11100
11255
11312
11295
11272
11390
11285
11264
11281
11336
11307
11394
11525
11460
11572
11419
11523
11434
11561
11503
11572
11450
11656
11662
11613
11591
11649
11764
11595
11823
11630
11719
11654
11656
11757
11833
11744
11818
11754
11882
11807
11869
11832
11942
11882
12196
11973
11925
12056
12087
12178
12121
11871
11942
12208
12154
11993
12109
12187
12219
12218
12050
12169
12309
12217
12189
12209
12176
12308
12293
12212
12240
12393
12451
12385
12220
12323
12389
12386
12516
12531
12454
12423
12663
12513
12546
12566
12744
12640
12650
12594
12637
12682
12814
12656
12858
12621
12715
12855
12748
12813
12730
12858
12878
12825
12867
12805
13000
12913
12969
13024
13202
13035
12953
13033
12865
12952
13152
13025
12989
13045
13143
13130
13070
13282
13059
13223
13182
12987
13230
13222
13321
13374
13239
13327
13165
13342
13331
13274
13338
13375
13527
13420
13477
13354
13640
13501
13607
13621
13398
13594
13493
13540
13593
13467
